13878614 18
22053014 21
15801014 18
7680014 21
13213814 19
10043414 292
19167614 22
3406214 24
13263014 64
16483214 20
13194614 6348
14729414 19
21852614 18
21938414 19
15250814 19
9462014 20
22920014 27
17047814 18
13223414 40
14803214 18
59006414 100
21166814 18
14475614 39
21558014 21
23443214 18
7930214 18
2826614 18
22033814 18
7152014 19
17778614 20
23434214 19
7327814 34
21266414 18
14263814 18
10072214 139
16969814 20
18382214 19
28816814 770
15079814 21
7725614 20
13803614 3159
21519014 18
22057214 18
59016014 135
13268414 61
13140614 1283
16930814 20
21507014 19
8463014 19
9384014 18
19348214 19
14418614 23
8487614 18
9126614 20
2794214 19
14918414 19
13714214 149
23974214 20
13550414 18
58910414 55
23356214 22
15428414 20
15442814 22
28738214 18
17925014 18
16870214 18
14050214 18
59031614 63
21259214 20
13485014 1196
17953214 21
8347814 19
8594414 20
8521214 19
18236414 19
58883414 251
2862614 19
23061614 23
13476014 833
14878214 19
21740414 19
13370414 22
6714014 18
58874414 109
22905014 18
21432014 18
7426814 22
7701614 18
15500414 20
58862414 3523
16352414 22
18181814 20
22929614 27
22847414 18
8652014 18
22996214 22
17093414 18
13105814 24
7387814 19
7734614 23
16443014 18
6931814 19
22734014 20
8586614 20
13572614 22
18559214 18
23266214 23
17337014 18
8447414 19
21098414 19
10054814 61
58827014 3121
10012214 128
13813214 3886
15754814 20
8485814 19
2664014 19
9848414 20
13747814 26
13480214 510
13254014 35
15877814 21
13846214 2856
18656414 19
22948814 19
7513814 19
15714014 19
7538414 18
21936014 18
22725014 26
22828814 18
17550614 22
59002214 154
16377614 19
19034414 19
6784814 19
19548014 23
21784214 23
13488614 785
15697814 18
13453214 2507
9979814 118
6961814 19
16173614 20
15345614 24
13435214 71
10029014 53
17244014 20
58989014 507
23976014 19
19123214 19
8888414 18
23970014 23
28813814 544
18037814 18
8308814 18
16509014 22
22072814 24
13863014 5201
8759414 20
28798814 1409
21255014 18
6965414 18
28792814 168
17749214 18
13712414 321
15591614 19
13271414 89
21547214 21
13137614 5164
8456414 20
6899414 22
13420814 27
13658414 530
22036814 22
15563414 20
28756814 18
13509014 30
14481014 40
23800214 22
17974814 18
15034814 19
6695414 21
7547414 18
10020614 130
21688214 18
13305614 22
16673414 18
23056214 20
18166214 18
13839014 1048
22653614 22
13650614 5691
19457414 18
58869014 92
8547014 19
23630414 20
14732414 18
19254014 21
15867014 22
14814014 18
58848014 588
8883014 20
13822814 902
10091414 117
7691414 18
6853214 32
9997214 54
21931814 18
15551414 19
14658614 22
14748614 18
17349614 19
10094414 53
15600614 21
16892414 18
23898014 60
7370414 20
15569414 20
18949214 21
13429814 34
21640214 18
13642814 251
7310414 18
21366614 19
13266014 80
8434814 23
10005614 86
19164014 18
16600214 18
20813414 24
8023214 25
9915614 107
17034014 18
8899814 20
21610214 18
17566214 20
9964814 75
16757414 22
14478614 30
10049414 63
18907214 18
8398814 18
22133414 18
13725014 53
14860214 19
21310814 19
7671014 20
16608614 18
7844414 18
14601614 19
59016614 131
22118414 18
18886214 20
9924014 184
6876614 19
22109414 22
16368014 19
59001614 288
18600614 19
7777814 18
8562614 18
15224414 19
15667814 18
14208614 19
13468214 631
8615414 19
7737014 22
6664814 21
8071214 22
23152814 18
9415214 18
22204814 19
22908614 26
21261614 20
22876214 19
19420814 20
9944414 152
6979814 18
21790814 18
8449814 21
24481814 21
10068614 140
9934814 113
22861214 18
13414214 20
9940814 328
13851614 3204
18814214 21
15063014 23
13423214 29
15037814 19
21231614 20
28772414 18
16504814 18
7557014 19
3718814 42
16237214 22
15167414 23
13411214 21
6402014 37
9951614 240
16257014 18
8502614 21
2764814 18
21358214 24
17434214 20
17972414 21
18412214 18
16619414 19
19136414 19
16887014 18
22539614 18
13402814 37
58822814 28
15788414 18
8525414 21
19011614 18
17680814 25
23336414 18
58872014 73
16057214 19
6672614 18
16314614 18
8540414 24
15110414 20
22783214 18
13291814 24
23146814 24
6921614 19
8851814 22
8536814 19
6656414 19
28579214 19
7213814 18
15094214 21
58842614 215
23361614 18
17977814 19
14103014 19
15544814 18
2818814 18
8622614 20
16855814 20
19092014 24
18964814 21
14439014 18
18147014 20
13660814 1465
20835014 18
18991214 18
22176014 19
13674614 1241
15076814 19
9433814 28
19205414 18
8041214 18
9760214 18
8680214 18
13833014 2027
18000014 18
17031614 20
22687214 20
13669214 1656
19184414 19
15537014 20
7762814 25
7634414 23
8805014 21
7233014 18
7222214 20
58890614 449
10037414 143
16061414 22
28583414 37
13440014 29
17623214 18
9966614 45
13842614 1790
7771214 18
8640014 22
17626214 23
10065014 146
58996214 310
17422214 26
16094414 19
18853814 24
13448414 2514
7530614 18
10048814 107
23956214 24
18030014 19
8631614 19
22975814 21
2913614 18
14640014 18
14398814 19
18192614 18
23406014 22
7245014 18
17476814 19
17331614 21
8328614 21
22701014 18
9930014 212
13694414 777
14120414 18
14664614 18
6985214 22
18069014 19
23412614 21
9909014 171
19535414 23
9918014 346
16839614 24
17934614 26
9991814 74
17705414 18
21472814 18
14317214 18
16623014 19
58906214 44
7194014 19
14980814 21
23616614 21
15528614 21
16496414 18
7984814 22
23331014 18
15407414 18
18175814 20
13686614 884
13285214 19
22714214 19
16715414 19
13121414 19
13501814 20
21160214 20
21072014 19
2725814 26
21154214 36
8280014 18
58855814 2924
8232614 26
23842214 18
19524614 18
7942814 20
18715814 18
17368814 18
13400414 33
15349814 21
10033214 67
15724214 22
24377414 21
19060814 19
58837214 191
2685014 18
58851614 38
22239614 24
8050814 18
21841814 18
23130014 22
13203614 65
13416614 36
7911614 21
23508614 19
15453614 21
2783414 18
13717214 161
14391614 18
19473614 18
9099614 21
23241014 18
2871014 20
15055214 20
6879614 19
28809614 314
7384814 20
6904214 19
28788614 747
7251014 20
17573414 18
22958414 24
15153614 21
6765014 19
10023614 150
17099414 23
15183614 25
22946414 18
14187014 18
15940814 18
21596414 22
13810214 3457
16473014 21
22125614 18
8731214 18
2707214 20
28587014 62
13458014 12578
9984614 104
23466614 18
16956014 21
18106814 22
8567414 25
21682814 18
58972814 2891
13538414 18
14334614 27
16415414 18
2692214 18
10083014 310
58833614 145
16555814 20
8477414 20
8076014 19
58990814 429
21819014 20
9993014 44
13704014 4185
58978814 3122
7183214 20
18668414 18
13855214 1908
15006614 18
23244614 18
16071614 18
23235614 18
21250814 20
22268414 22
28785614 1487
15744014 22
58819214 846
16927214 18
15014414 24
19074014 19
14494814 20
6626414 20
13691414 541
7904414 19
6945014 18
7587014 20
9960614 144
15088814 18
6913214 19
22917614 20
22288214 21
58915814 95
16900214 18
21208814 20
58912814 96
21205814 18
15990014 21
8274014 18
8027414 19
21396614 19
58903814 52
22811414 19
8533214 23
58894814 53
23073014 19
58879814 92
6757814 28
21981614 19
17900414 20
28752614 21
14004614 20
17440214 18
22508414 31
22243214 20
19008014 18
17489414 18
15772814 22
58861814 65
21675614 18
21658214 19
24370814 20
13524614 18
58840814 375
16219814 18
16551614 18
8494814 19
23010014 20
15466214 23
23733614 18
7654814 19
13310414 21
9961214 97
16232414 19
13533014 26
10060214 115
16773014 22
15983414 19
2711414 26
10057214 177
13720214 385
15425414 19
20827214 19
2736014 18
23250614 19
22609814 24
17293214 18
22709414 18
20818214 23
13869014 11784
13680614 4486
10018814 182
