0 4
500 2
1000 2
1500 0
2000 3
2500 0
3000 2
3500 4
4000 1
4500 0
5000 2
5500 0
6000 1
6500 0
7000 0
7500 1
8000 1
8500 2
9000 0
9500 2
10000 2
10500 2
11000 1
11500 1
12000 1
12500 1
13000 0
13500 0
14000 0
14500 2
15000 1
15500 1
16000 9
16500 3
17000 5
17500 2
18000 1
18500 11
19000 8
19500 9
20000 14
20500 3
21000 0
21500 0
22000 0
22500 1
23000 2
23500 3
24000 0
24500 0
25000 0
25500 0
26000 0
26500 1
27000 1
27500 1
28000 0
28500 0
29000 2
29500 2
30000 1
30500 1
31000 2
31500 4
32000 1
32500 1
33000 2
33500 3
34000 4
34500 1
35000 2
35500 2
36000 0
36500 4
37000 0
37500 0
38000 3
38500 0
39000 1
39500 2
40000 0
40500 2
41000 1
41500 1
42000 1
42500 2
43000 2
43500 1
44000 1
44500 0
45000 1
45500 0
46000 2
46500 1
47000 3
47500 0
48000 1
48500 0
49000 0
49500 0
50000 0
50500 0
51000 0
51500 1
52000 0
52500 0
53000 6
53500 0
54000 0
54500 1
55000 0
55500 0
56000 0
56500 0
57000 3
57500 1
58000 2
58500 1
59000 0
59500 0
60000 3
60500 1
61000 0
61500 3
62000 1
62500 4
63000 2
63500 1
64000 0
64500 1
65000 1
65500 1
66000 0
66500 3
67000 3
67500 4
68000 3
68500 1
69000 0
69500 0
70000 1
70500 0
71000 3
71500 2
72000 1
72500 0
73000 6
73500 2
74000 0
74500 0
75000 1
75500 1
76000 1
76500 1
77000 0
77500 1
78000 0
78500 16
79000 10
79500 2
80000 16
80500 2
81000 1
81500 4
82000 1
82500 2
83000 2
83500 1
84000 1
84500 1
85000 1
85500 1
86000 0
86500 0
87000 1
87500 0
88000 2
88500 3
89000 1
89500 0
90000 0
90500 2
91000 0
91500 0
92000 0
92500 0
93000 0
93500 0
94000 1
94500 1
95000 2
95500 1
96000 2
96500 1
97000 0
97500 0
98000 0
98500 0
99000 0
99500 0
100000 0
100500 0
101000 1
101500 0
102000 0
102500 3
103000 2
103500 1
104000 1
104500 2
105000 1
105500 0
106000 0
106500 2
107000 5
107500 2
108000 1
108500 1
109000 3
109500 2
110000 0
110500 0
111000 0
111500 0
112000 0
112500 0
113000 0
113500 0
114000 0
114500 1
115000 1
115500 0
116000 0
116500 0
117000 1
117500 0
118000 3
118500 7
119000 10
119500 12
120000 28
120500 3
121000 24
121500 2
122000 3
122500 0
123000 3
123500 1
124000 0
124500 2
125000 0
125500 1
126000 3
126500 1
127000 2
127500 2
128000 2
128500 3
129000 1
129500 3
130000 2
130500 1
131000 1
131500 1
132000 1
132500 1
133000 1
133500 3
134000 1
134500 0
135000 1
135500 1
136000 0
136500 1
137000 1
137500 0
138000 1
138500 14
139000 3
139500 3
140000 8
140500 1
141000 3
141500 3
142000 0
142500 0
143000 1
143500 1
144000 0
144500 0
145000 0
145500 0
146000 1
146500 2
147000 0
147500 4
148000 2
148500 1
149000 0
149500 1
150000 2
150500 3
151000 2
151500 0
152000 1
152500 0
153000 0
153500 3
154000 2
154500 0
155000 0
155500 1
156000 2
156500 0
157000 3
157500 1
158000 1
158500 14
159000 11
159500 6
160000 7
160500 1
161000 0
161500 0
162000 0
162500 1
163000 0
163500 1
164000 1
164500 1
165000 2
165500 0
166000 1
166500 2
167000 0
167500 4
168000 1
168500 2
169000 26
169500 7
170000 21
170500 11
171000 0
171500 2
172000 5
172500 2
173000 1
173500 3
174000 0
174500 1
175000 1
175500 1
176000 1
176500 2
177000 0
177500 3
178000 2
178500 11
179000 3
179500 15
180000 8
180500 0
181000 1
181500 4
182000 1
182500 0
183000 1
183500 0
184000 0
184500 1
185000 1
185500 0
186000 0
186500 0
187000 2
187500 0
188000 1
188500 3
189000 2
189500 2
190000 1
190500 0
191000 0
191500 0
192000 0
192500 0
193000 0
193500 0
194000 0
194500 0
195000 2
195500 2
196000 21
196500 1
197000 16
197500 20
198000 4
198500 14
199000 2
199500 2
200000 7
200500 0
201000 1
201500 2
202000 2
202500 2
203000 1
203500 1
204000 1
204500 3
205000 3
205500 0
206000 2
206500 1
207000 0
207500 0
208000 1
208500 1
209000 0
209500 1
210000 1
210500 1
211000 2
211500 0
212000 0
212500 0
213000 0
213500 0
214000 0
214500 4
215000 1
215500 2
216000 2
216500 1
217000 0
217500 4
218000 2
218500 23
219000 3
219500 11
220000 19
220500 2
221000 2
221500 3
222000 2
222500 0
223000 1
223500 1
224000 1
224500 1
225000 2
225500 2
226000 2
226500 1
227000 2
227500 2
228000 2
228500 1
229000 0
229500 1
230000 3
230500 0
231000 1
231500 3
232000 1
232500 3
233000 2
233500 0
234000 1
234500 1
235000 3
235500 1
236000 0
236500 1
237000 2
237500 3
238000 6
238500 9
239000 1
239500 5
240000 3
240500 1
241000 2
241500 2
242000 0
242500 1
243000 0
243500 0
244000 2
244500 4
245000 2
245500 1
246000 4
246500 4
247000 1
247500 0
248000 1
248500 4
249000 3
249500 2
250000 1
250500 1
251000 1
251500 2
252000 1
252500 1
253000 2
253500 3
254000 1
254500 0
255000 1
255500 0
256000 2
256500 2
257000 1
257500 5
258000 0
258500 3
259000 1
259500 1
260000 6
260500 1
261000 1
261500 1
262000 0
262500 0
263000 0
263500 1
264000 2
264500 0
265000 0
265500 1
266000 0
266500 0
267000 1
267500 1
268000 2
268500 0
269000 0
269500 1
270000 3
270500 0
271000 0
271500 0
272000 0
272500 0
273000 0
273500 0
274000 0
274500 0
275000 0
275500 0
276000 0
276500 0
277000 0
277500 5
278000 3
278500 12
279000 4
279500 5
280000 8
280500 1
281000 0
281500 1
282000 1
282500 1
283000 0
283500 0
284000 0
284500 1
285000 0
285500 0
286000 1
286500 5
287000 2
287500 1
288000 0
288500 0
289000 1
289500 1
290000 1
290500 2
291000 3
291500 0
292000 1
292500 0
293000 0
293500 3
294000 1
294500 0
295000 0
295500 1
296000 0
296500 0
297000 1
297500 0
298000 1
298500 22
299000 4
299500 5
300000 3
300500 5
301000 1
301500 2
302000 0
302500 0
303000 3
303500 2
304000 0
304500 0
305000 0
305500 0
306000 0
306500 0
307000 0
307500 0
308000 0
308500 0
309000 0
309500 0
310000 2
310500 1
311000 1
311500 1
312000 1
312500 2
313000 0
313500 0
314000 1
314500 1
315000 0
315500 1
316000 1
316500 1
317000 1
317500 0
318000 1
318500 17
319000 0
319500 13
320000 9
320500 2
321000 4
321500 2
322000 1
322500 0
323000 0
323500 0
324000 0
324500 0
325000 0
325500 0
326000 0
326500 0
327000 1
327500 2
328000 0
328500 3
329000 3
329500 1
330000 1
330500 1
331000 1
331500 0
332000 1
332500 0
333000 1
333500 3
334000 2
334500 5
335000 8
335500 1
336000 2
336500 2
337000 1
337500 3
338000 14
338500 9
339000 15
339500 19
340000 8
340500 34
341000 16
341500 13
342000 22
342500 7
343000 2
343500 0
344000 0
344500 1
345000 2
345500 0
346000 1
346500 1
347000 1
347500 1
348000 1
348500 1
349000 0
349500 0
350000 0
350500 0
351000 0
351500 0
352000 0
352500 0
353000 0
353500 0
354000 0
354500 0
355000 1
355500 1
356000 1
356500 0
357000 1
357500 2
358000 1
358500 10
359000 1
359500 7
360000 3
360500 2
361000 1
361500 1
362000 3
362500 0
363000 0
363500 1
364000 1
364500 0
365000 1
365500 1
366000 3
366500 1
367000 2
367500 2
368000 2
368500 0
369000 3
369500 1
370000 1
370500 1
371000 0
371500 0
372000 1
372500 0
373000 2
373500 0
374000 0
374500 0
375000 0
375500 2
376000 2
376500 1
377000 0
377500 5
378000 0
378500 2
379000 3
379500 1
380000 3
380500 2
381000 0
381500 0
382000 0
382500 1
383000 0
383500 0
384000 1
384500 0
385000 7
385500 29
386000 7
386500 16
387000 16
387500 0
388000 0
388500 0
389000 0
389500 1
390000 0
390500 1
391000 0
391500 0
392000 3
392500 1
393000 4
393500 2
394000 0
394500 0
395000 5
395500 0
396000 2
396500 1
397000 0
397500 0
398000 0
398500 0
399000 0
399500 0
400000 0
400500 0
401000 0
401500 0
402000 0
402500 2
403000 1
403500 1
404000 2
404500 2
405000 2
405500 2
406000 2
406500 0
407000 3
407500 2
408000 3
408500 2
409000 2
409500 0
410000 0
410500 0
411000 0
411500 1
412000 1
412500 1
413000 0
413500 0
414000 1
414500 3
415000 4
415500 2
416000 0
416500 1
417000 2
417500 1
418000 0
418500 0
419000 0
419500 0
420000 0
420500 1
421000 1
421500 0
422000 1
422500 0
423000 1
423500 1
424000 2
424500 1
425000 0
425500 1
426000 1
426500 0
427000 2
427500 2
428000 1
428500 1
429000 1
429500 0
430000 4
430500 3
431000 0
431500 2
432000 5
432500 2
433000 2
433500 0
434000 0
434500 0
435000 0
435500 0
436000 0
436500 0
437000 0
437500 0
438000 1
438500 3
439000 0
439500 2
440000 5
440500 2
441000 1
441500 2
442000 1
442500 2
443000 2
443500 2
444000 2
444500 2
445000 0
445500 0
446000 0
446500 1
447000 1
447500 2
448000 1
448500 2
449000 1
449500 2
450000 1
450500 3
451000 2
451500 0
452000 2
452500 2
453000 3
453500 1
454000 1
454500 2
455000 1
455500 2
456000 2
456500 7
457000 1
457500 5
458000 0
458500 1
459000 1
459500 1
460000 2
460500 2
461000 1
461500 2
462000 1
462500 1
463000 0
463500 0
464000 4
464500 4
465000 6
465500 7
466000 3
466500 19
467000 1
467500 2
468000 0
468500 1
469000 0
469500 2
470000 1
470500 1
471000 0
471500 1
472000 0
472500 1
473000 0
473500 1
474000 0
474500 0
475000 0
475500 0
476000 0
476500 1
477000 0
477500 0
478000 5
478500 21
479000 4
479500 13
480000 18
480500 0
481000 0
481500 2
482000 3
482500 1
483000 2
483500 1
484000 0
484500 2
485000 1
485500 0
486000 1
486500 1
487000 1
487500 0
488000 0
488500 0
489000 0
489500 2
490000 1
490500 1
491000 0
491500 4
492000 1
492500 0
493000 0
493500 0
494000 0
494500 1
495000 2
495500 2
496000 0
496500 0
497000 0
497500 3
498000 4
498500 16
499000 3
499500 16
500000 13
500500 1
501000 4
501500 0
502000 1
502500 1
503000 0
503500 0
504000 1
504500 1
505000 5
505500 0
506000 1
506500 1
507000 1
507500 1
508000 0
508500 0
509000 0
509500 0
510000 1
510500 2
511000 0
511500 1
512000 1
512500 1
513000 1
513500 0
514000 1
514500 0
515000 0
515500 0
516000 2
516500 1
517000 1
517500 3
518000 4
518500 27
519000 4
519500 19
520000 5
520500 1
521000 0
521500 2
522000 15
522500 10
523000 8
523500 14
524000 1
524500 4
525000 1
525500 1
526000 3
526500 0
527000 1
527500 2
528000 0
528500 1
529000 1
529500 1
530000 0
530500 0
531000 0
531500 0
532000 0
532500 2
533000 1
533500 3
534000 2
534500 1
535000 1
535500 1
536000 4
536500 4
537000 2
537500 2
538000 2
538500 6
539000 1
539500 6
540000 4
540500 1
541000 2
541500 2
542000 0
542500 1
543000 1
543500 1
544000 2
544500 1
545000 1
545500 2
546000 0
546500 1
547000 2
547500 0
548000 1
548500 0
549000 0
549500 0
550000 0
550500 2
551000 0
551500 1
552000 1
552500 2
553000 2
553500 1
554000 0
554500 3
555000 1
555500 1
556000 2
556500 1
557000 1
557500 4
558000 1
558500 20
559000 2
559500 15
560000 11
560500 1
561000 0
561500 2
562000 1
562500 1
563000 1
563500 1
564000 3
564500 1
565000 0
565500 1
566000 2
566500 3
567000 3
567500 2
568000 0
568500 2
569000 1
569500 1
570000 1
570500 0
571000 1
571500 0
572000 0
572500 2
573000 2
573500 1
574000 3
574500 1
575000 2
575500 2
576000 1
576500 2
577000 1
577500 1
578000 3
578500 14
579000 4
579500 9
580000 4
580500 4
581000 3
581500 0
582000 0
582500 0
583000 0
583500 1
584000 0
584500 1
585000 0
585500 3
586000 1
586500 0
587000 2
587500 0
588000 0
588500 1
589000 4
589500 2
590000 2
590500 2
591000 0
591500 0
592000 0
592500 0
593000 0
593500 1
594000 1
594500 1
595000 3
595500 0
596000 4
596500 2
597000 0
597500 2
598000 0
598500 11
599000 2
599500 7
600000 10
600500 2
601000 1
601500 0
602000 2
602500 0
603000 1
603500 1
604000 3
604500 3
605000 1
605500 0
606000 0
606500 0
607000 0
607500 1
608000 0
608500 0
609000 0
609500 1
610000 0
610500 0
611000 1
611500 1
612000 3
612500 1
613000 1
613500 2
614000 0
614500 1
615000 0
615500 0
616000 1
616500 2
617000 1
617500 2
618000 3
618500 22
619000 3
619500 14
620000 13
620500 0
621000 3
621500 1
622000 1
622500 2
623000 0
623500 0
624000 5
624500 3
625000 0
625500 1
626000 0
626500 0
627000 0
627500 0
628000 2
628500 0
629000 0
629500 2
630000 0
630500 1
631000 3
631500 0
632000 1
632500 0
633000 2
633500 1
634000 0
634500 1
635000 1
635500 1
636000 0
636500 0
637000 0
637500 1
638000 1
638500 10
639000 1
639500 8
640000 4
640500 1
641000 0
641500 1
642000 1
642500 1
643000 2
643500 2
644000 0
644500 0
645000 1
645500 1
646000 0
646500 2
647000 2
647500 3
648000 2
648500 0
649000 0
649500 1
650000 3
650500 1
651000 0
651500 3
652000 1
652500 3
653000 4
653500 5
654000 1
654500 3
655000 3
655500 0
656000 0
656500 0
657000 1
657500 1
658000 1
658500 6
659000 2
659500 8
660000 5
660500 1
661000 4
661500 1
662000 0
662500 11
663000 15
663500 3
664000 24
664500 1
665000 2
665500 1
666000 0
666500 4
667000 0
667500 2
668000 0
668500 0
669000 0
669500 0
670000 1
670500 1
671000 0
671500 0
672000 0
672500 0
673000 0
673500 0
674000 0
674500 0
675000 0
675500 1
676000 0
676500 2
677000 1
677500 3
678000 4
678500 29
679000 2
679500 21
680000 12
680500 5
681000 1
681500 1
682000 0
682500 0
683000 1
683500 1
684000 1
684500 3
685000 3
685500 0
686000 2
686500 3
687000 4
687500 2
688000 2
688500 1
689000 1
689500 3
690000 0
690500 1
691000 1
691500 1
692000 1
692500 4
693000 0
693500 2
694000 0
694500 0
695000 0
695500 1
696000 2
696500 3
697000 2
697500 3
698000 6
698500 20
699000 3
699500 4
700000 7
700500 1
701000 2
701500 1
702000 2
702500 2
703000 3
703500 4
704000 4
704500 1
705000 0
705500 2
706000 10
706500 0
707000 10
707500 7
708000 0
708500 1
709000 1
709500 0
710000 2
710500 1
711000 0
711500 2
712000 1
712500 0
713000 2
713500 1
714000 0
714500 1
715000 0
715500 0
716000 0
716500 0
717000 0
717500 1
718000 2
718500 23
719000 2
719500 21
720000 11
720500 2
721000 3
721500 2
722000 0
722500 0
723000 1
723500 4
724000 5
724500 2
725000 1
725500 2
726000 2
726500 1
727000 0
727500 1
728000 0
728500 0
729000 6
729500 2
730000 1
730500 3
731000 0
731500 1
732000 3
732500 2
733000 0
733500 1
734000 1
734500 3
735000 2
735500 0
736000 1
736500 2
737000 0
737500 1
738000 2
738500 10
739000 1
739500 9
740000 2
740500 0
741000 1
741500 0
742000 0
742500 0
743000 1
743500 1
744000 1
744500 4
745000 29
745500 3
746000 17
746500 8
747000 2
747500 3
748000 1
748500 2
749000 0
749500 0
750000 2
750500 1
751000 1
751500 0
752000 1
752500 1
753000 0
753500 0
754000 0
754500 0
755000 0
755500 6
756000 3
756500 0
757000 1
757500 0
758000 2
758500 29
759000 3
759500 14
760000 11
760500 3
761000 1
761500 2
762000 1
762500 0
763000 1
763500 3
764000 1
764500 2
765000 1
765500 3
766000 1
766500 2
767000 3
767500 1
768000 2
768500 0
769000 2
769500 0
770000 1
770500 1
771000 0
771500 0
772000 4
772500 0
773000 2
773500 0
774000 3
774500 2
775000 1
775500 1
776000 1
776500 0
777000 2
777500 0
778000 2
778500 18
779000 2
779500 20
780000 15
780500 1
781000 0
781500 1
782000 0
782500 2
783000 0
783500 0
784000 13
784500 4
785000 3
785500 8
786000 2
786500 1
787000 0
787500 0
788000 1
788500 1
789000 2
789500 1
790000 1
790500 0
791000 8
791500 19
792000 2
792500 29
793000 2
793500 2
794000 0
794500 1
795000 2
795500 2
796000 2
796500 2
797000 1
797500 1
798000 4
798500 14
799000 3
799500 11
800000 7
800500 1
801000 1
801500 0
802000 0
802500 0
803000 0
803500 0
804000 0
804500 0
805000 0
805500 0
806000 0
806500 0
807000 2
807500 0
808000 4
808500 0
809000 0
809500 0
810000 3
810500 0
811000 3
811500 0
812000 0
812500 0
813000 0
813500 0
814000 0
814500 0
815000 0
815500 0
816000 2
816500 2
817000 2
817500 1
818000 2
818500 23
819000 0
819500 7
820000 9
820500 4
821000 7
821500 1
822000 0
822500 0
823000 0
823500 0
824000 0
824500 0
825000 0
825500 1
826000 0
826500 3
827000 0
827500 1
828000 0
828500 0
829000 2
829500 4
830000 0
830500 1
831000 0
831500 1
832000 0
832500 0
833000 3
833500 1
834000 2
834500 1
835000 1
835500 3
836000 0
836500 0
837000 2
837500 1
838000 0
838500 0
839000 0
839500 0
840000 0
840500 4
841000 3
841500 0
842000 2
842500 1
843000 0
843500 2
844000 0
844500 1
845000 0
845500 0
846000 1
846500 1
847000 2
847500 0
848000 0
848500 0
849000 0
849500 3
850000 0
850500 1
851000 2
851500 1
852000 0
852500 1
853000 2
853500 0
854000 3
854500 3
855000 1
855500 0
856000 1
856500 1
857000 0
857500 1
858000 8
858500 16
859000 0
859500 23
860000 17
860500 14
861000 4
861500 9
862000 3
862500 1
863000 3
863500 1
864000 4
864500 0
865000 0
865500 0
866000 1
866500 3
867000 3
867500 1
868000 1
868500 0
869000 0
869500 0
870000 0
870500 0
871000 0
871500 0
872000 0
872500 0
873000 2
873500 0
874000 0
874500 2
875000 1
875500 1
876000 0
876500 0
877000 2
877500 2
878000 7
878500 22
879000 0
879500 24
880000 1
880500 0
881000 0
881500 0
882000 1
882500 0
883000 2
883500 0
884000 0
884500 0
885000 0
885500 2
886000 2
886500 0
887000 1
887500 2
888000 1
888500 0
889000 1
889500 1
890000 0
890500 2
891000 0
891500 1
892000 5
892500 2
893000 1
893500 0
894000 0
894500 2
895000 0
895500 1
896000 1
896500 1
897000 1
897500 1
898000 6
898500 19
899000 1
899500 18
900000 5
900500 4
901000 2
901500 2
902000 0
902500 1
903000 4
903500 3
904000 2
904500 1
905000 1
905500 0
906000 0
906500 0
907000 0
907500 3
908000 0
908500 0
909000 2
909500 0
910000 2
910500 4
911000 1
911500 2
912000 1
912500 3
913000 1
913500 0
914000 0
914500 4
915000 2
915500 3
916000 1
916500 0
917000 4
917500 4
918000 10
918500 15
919000 3
919500 25
920000 6
920500 0
921000 0
921500 0
922000 0
922500 4
923000 2
923500 0
924000 3
924500 1
925000 2
925500 0
926000 0
926500 1
927000 4
927500 1
928000 2
928500 2
929000 0
929500 0
930000 3
930500 1
931000 0
931500 0
932000 0
932500 0
933000 0
933500 0
934000 1
934500 1
935000 2
935500 1
936000 0
936500 1
937000 0
937500 0
938000 0
938500 2
939000 1
939500 1
940000 1
940500 2
941000 0
941500 1
942000 0
942500 0
943000 0
943500 0
944000 0
944500 0
945000 0
945500 0
946000 0
946500 3
947000 1
947500 0
948000 2
948500 1
949000 0
949500 0
950000 0
950500 2
951000 2
951500 2
952000 0
952500 5
953000 0
953500 0
954000 1
954500 0
955000 1
955500 0
956000 1
956500 1
957000 1
957500 0
958000 1
958500 0
959000 0
959500 1
960000 2
960500 5
961000 2
961500 1
962000 4
962500 3
963000 0
963500 0
964000 0
964500 1
965000 0
965500 2
966000 1
966500 3
967000 5
967500 0
968000 3
968500 1
969000 1
969500 0
970000 4
970500 1
971000 1
971500 2
972000 1
972500 4
973000 1
973500 3
974000 1
974500 3
975000 0
975500 1
976000 0
976500 2
977000 0
977500 2
978000 3
978500 8
979000 1
979500 6
980000 0
980500 0
981000 1
981500 0
982000 3
982500 4
983000 0
983500 1
984000 2
984500 2
985000 2
985500 1
986000 1
986500 3
987000 3
987500 2
988000 4
988500 2
989000 2
989500 1
990000 1
990500 2
991000 0
991500 0
992000 1
992500 0
993000 1
993500 1
994000 3
994500 1
995000 2
995500 1
996000 3
996500 0
997000 2
997500 0
998000 28
998500 26
999000 10
999500 23
1000000 5
1000500 0
1001000 4
1001500 1
1002000 1
1002500 1
1003000 1
1003500 0
1004000 3
1004500 3
1005000 5
1005500 0
1006000 2
1006500 0
1007000 0
1007500 13
1008000 2
1008500 4
1009000 5
1009500 1
1010000 0
1010500 2
1011000 3
1011500 3
1012000 0
1012500 3
1013000 1
1013500 0
1014000 0
1014500 0
1015000 0
1015500 0
1016000 0
1016500 0
1017000 0
1017500 0
1018000 0
1018500 0
1019000 0
1019500 1
1020000 0
1020500 0
1021000 1
1021500 1
1022000 0
1022500 2
1023000 2
1023500 4
1024000 2
1024500 3
1025000 4
1025500 1
1026000 1
1026500 4
1027000 0
1027500 0
1028000 4
1028500 0
1029000 2
1029500 0
1030000 0
1030500 5
1031000 8
1031500 2
1032000 7
1032500 2
1033000 1
1033500 3
1034000 0
1034500 2
1035000 0
1035500 5
1036000 1
1036500 1
1037000 0
1037500 1
1038000 4
1038500 18
1039000 0
1039500 8
1040000 5
1040500 2
1041000 0
1041500 1
1042000 0
1042500 1
1043000 1
1043500 0
1044000 1
1044500 2
1045000 1
1045500 1
1046000 3
1046500 0
1047000 1
1047500 7
1048000 2
1048500 0
1049000 3
1049500 0
1050000 1
1050500 2
1051000 2
1051500 1
1052000 1
1052500 3
1053000 2
1053500 1
1054000 4
1054500 1
1055000 1
1055500 2
1056000 1
1056500 2
1057000 1
1057500 2
1058000 2
1058500 22
1059000 3
1059500 53
1060000 10
1060500 8
1061000 20
1061500 2
1062000 2
1062500 0
1063000 1
1063500 3
1064000 0
1064500 1
1065000 0
1065500 0
1066000 0
1066500 0
1067000 0
1067500 2
1068000 0
1068500 1
1069000 1
1069500 1
1070000 0
1070500 0
1071000 7
1071500 1
1072000 0
1072500 1
1073000 1
1073500 0
1074000 0
1074500 3
1075000 1
1075500 0
1076000 1
1076500 0
1077000 0
1077500 1
1078000 4
1078500 13
1079000 1
1079500 10
1080000 3
1080500 0
1081000 2
1081500 2
1082000 1
1082500 0
1083000 0
1083500 2
1084000 1
1084500 5
1085000 2
1085500 1
1086000 0
1086500 2
1087000 0
1087500 0
1088000 1
1088500 2
1089000 1
1089500 3
1090000 0
1090500 0
1091000 0
1091500 0
1092000 0
1092500 0
1093000 0
1093500 0
1094000 0
1094500 0
1095000 0
1095500 0
1096000 2
1096500 1
1097000 3
1097500 2
1098000 7
1098500 20
1099000 1
1099500 18
1100000 5
1100500 3
1101000 1
1101500 0
1102000 2
1102500 0
1103000 1
1103500 2
1104000 0
1104500 0
1105000 3
1105500 2
1106000 5
1106500 1
1107000 0
1107500 2
1108000 2
1108500 0
1109000 0
1109500 1
1110000 0
1110500 2
1111000 1
1111500 0
1112000 1
1112500 3
1113000 1
1113500 3
1114000 3
1114500 2
1115000 2
1115500 2
1116000 0
1116500 0
1117000 1
1117500 3
1118000 6
1118500 9
1119000 1
1119500 5
1120000 2
1120500 0
1121000 3
1121500 2
1122000 1
1122500 1
1123000 0
1123500 0
1124000 0
1124500 0
1125000 2
1125500 0
1126000 0
1126500 0
1127000 1
1127500 2
1128000 1
1128500 2
1129000 0
1129500 1
1130000 0
1130500 0
1131000 3
1131500 0
1132000 1
1132500 3
1133000 1
1133500 1
1134000 2
1134500 1
1135000 5
1135500 1
1136000 1
1136500 3
1137000 1
1137500 0
1138000 7
1138500 19
1139000 1
1139500 22
1140000 3
1140500 0
1141000 0
1141500 1
1142000 3
1142500 2
1143000 1
1143500 1
1144000 0
1144500 0
1145000 1
1145500 2
1146000 2
1146500 1
1147000 0
1147500 2
1148000 0
1148500 1
1149000 4
1149500 0
1150000 0
1150500 0
1151000 3
1151500 1
1152000 0
1152500 0
1153000 1
1153500 2
1154000 3
1154500 4
1155000 3
1155500 2
1156000 1
1156500 1
1157000 1
1157500 0
1158000 5
1158500 32
1159000 2
1159500 30
1160000 9
1160500 0
1161000 1
1161500 1
1162000 0
1162500 0
1163000 0
1163500 2
1164000 0
1164500 1
1165000 1
1165500 0
1166000 0
1166500 0
1167000 0
1167500 2
1168000 0
1168500 6
1169000 1
1169500 2
1170000 1
1170500 4
1171000 1
1171500 3
1172000 12
1172500 39
1173000 3
1173500 21
1174000 8
1174500 0
1175000 0
1175500 0
1176000 1
1176500 1
1177000 0
1177500 0
1178000 4
1178500 20
1179000 1
1179500 29
1180000 4
1180500 1
1181000 0
1181500 1
1182000 1
1182500 0
1183000 0
1183500 0
1184000 1
1184500 1
1185000 6
1185500 0
1186000 0
1186500 0
1187000 1
1187500 1
1188000 2
1188500 3
1189000 0
1189500 1
1190000 4
1190500 1
1191000 1
1191500 0
1192000 0
1192500 1
1193000 2
1193500 0
1194000 0
1194500 0
1195000 3
1195500 0
1196000 0
1196500 0
1197000 0
1197500 0
1198000 2
1198500 0
1199000 0
1199500 4
1200000 4
1200500 0
1201000 0
1201500 3
1202000 1
1202500 4
1203000 4
1203500 9
1204000 17
1204500 1
1205000 14
1205500 2
1206000 4
1206500 2
1207000 2
1207500 1
1208000 0
1208500 1
1209000 0
1209500 1
1210000 1
1210500 0
1211000 2
1211500 0
1212000 0
1212500 0
1213000 0
1213500 0
1214000 0
1214500 0
1215000 0
1215500 1
1216000 1
1216500 2
1217000 0
1217500 0
1218000 3
1218500 11
1219000 0
1219500 8
1220000 3
1220500 0
1221000 0
1221500 2
1222000 1
1222500 3
1223000 1
1223500 3
1224000 1
1224500 3
1225000 1
1225500 1
1226000 0
1226500 2
1227000 1
1227500 0
1228000 2
1228500 3
1229000 2
1229500 1
1230000 1
1230500 1
1231000 4
1231500 12
1232000 3
1232500 6
1233000 0
1233500 1
1234000 1
1234500 2
1235000 3
1235500 2
1236000 2
1236500 1
1237000 0
1237500 1
1238000 4
1238500 11
1239000 0
1239500 19
1240000 2
1240500 1
1241000 0
1241500 0
1242000 3
1242500 0
1243000 1
1243500 0
1244000 1
1244500 1
1245000 0
1245500 0
1246000 0
1246500 2
1247000 0
1247500 2
1248000 1
1248500 1
1249000 2
1249500 3
1250000 1
1250500 3
1251000 4
1251500 2
1252000 1
1252500 2
1253000 0
1253500 0
1254000 0
1254500 1
1255000 1
1255500 1
1256000 2
1256500 1
1257000 1
1257500 11
1258000 0
1258500 3
1259000 3
1259500 0
1260000 0
1260500 1
1261000 0
1261500 0
1262000 1
1262500 1
1263000 1
1263500 0
1264000 0
1264500 1
1265000 1
1265500 0
1266000 2
1266500 2
1267000 1
1267500 3
1268000 2
1268500 1
1269000 1
1269500 0
1270000 1
1270500 4
1271000 1
1271500 2
1272000 0
1272500 0
1273000 1
1273500 1
1274000 1
1274500 1
1275000 2
1275500 1
1276000 2
1276500 0
1277000 2
1277500 0
1278000 5
1278500 20
1279000 0
1279500 17
1280000 5
1280500 3
1281000 1
1281500 3
1282000 1
1282500 0
1283000 1
1283500 4
1284000 1
1284500 3
1285000 3
1285500 3
1286000 1
1286500 0
1287000 4
1287500 0
1288000 0
1288500 0
1289000 0
1289500 0
1290000 2
1290500 0
1291000 5
1291500 1
1292000 1
1292500 2
1293000 1
1293500 0
1294000 0
1294500 0
1295000 1
1295500 2
1296000 0
1296500 1
1297000 1
1297500 1
1298000 1
1298500 0
1299000 0
1299500 0
1300000 3
1300500 0
1301000 0
1301500 0
1302000 1
1302500 0
1303000 0
1303500 0
1304000 1
1304500 1
1305000 0
1305500 2
1306000 0
1306500 0
1307000 4
1307500 1
1308000 1
1308500 1
1309000 2
1309500 0
1310000 0
1310500 0
1311000 4
1311500 1
1312000 0
1312500 1
1313000 0
1313500 0
1314000 4
1314500 2
1315000 0
1315500 1
1316000 1
1316500 0
1317000 0
1317500 2
1318000 11
1318500 21
1319000 1
1319500 35
1320000 34
1320500 4
1321000 22
1321500 8
1322000 2
1322500 4
1323000 1
1323500 0
1324000 0
1324500 0
1325000 0
1325500 1
1326000 0
1326500 1
1327000 2
1327500 3
1328000 1
1328500 3
1329000 1
1329500 0
1330000 1
1330500 2
1331000 4
1331500 0
1332000 2
1332500 1
1333000 0
1333500 0
1334000 0
1334500 0
1335000 0
1335500 0
1336000 0
1336500 0
1337000 1
1337500 1
1338000 0
1338500 0
1339000 2
1339500 2
1340000 2
1340500 0
1341000 0
1341500 1
1342000 1
1342500 1
1343000 1
1343500 1
1344000 1
1344500 0
1345000 2
1345500 3
1346000 3
1346500 1
1347000 1
1347500 2
1348000 0
1348500 2
1349000 2
1349500 0
1350000 1
1350500 0
1351000 0
1351500 1
1352000 2
1352500 1
1353000 1
1353500 1
1354000 0
1354500 0
1355000 1
1355500 2
1356000 1
1356500 1
1357000 2
1357500 2
1358000 8
1358500 16
1359000 1
1359500 27
1360000 6
1360500 0
1361000 0
1361500 2
1362000 1
1362500 1
1363000 4
1363500 1
1364000 2
1364500 3
1365000 0
1365500 0
1366000 3
1366500 4
1367000 2
1367500 2
1368000 3
1368500 1
1369000 2
1369500 0
1370000 0
1370500 0
1371000 2
1371500 2
1372000 1
1372500 0
1373000 0
1373500 0
1374000 0
1374500 0
1375000 0
1375500 0
1376000 0
1376500 0
1377000 0
1377500 1
1378000 1
1378500 6
1379000 1
1379500 10
1380000 1
1380500 1
1381000 4
1381500 1
1382000 0
1382500 5
1383000 9
1383500 1
1384000 11
1384500 3
1385000 0
1385500 1
1386000 0
1386500 0
1387000 0
1387500 0
1388000 0
1388500 0
1389000 0
1389500 0
1390000 0
1390500 1
1391000 2
1391500 0
1392000 0
1392500 0
1393000 1
1393500 0
1394000 2
1394500 2
1395000 2
1395500 1
1396000 2
1396500 0
1397000 0
1397500 0
1398000 2
1398500 10
1399000 0
1399500 15
1400000 1
1400500 0
1401000 0
1401500 1
1402000 1
1402500 1
1403000 0
1403500 1
1404000 0
1404500 1
1405000 3
1405500 2
1406000 27
1406500 3
1407000 26
1407500 5
1408000 1
1408500 1
1409000 0
1409500 0
1410000 0
1410500 0
1411000 0
1411500 0
1412000 3
1412500 0
1413000 1
1413500 1
1414000 2
1414500 0
1415000 0
1415500 1
1416000 2
1416500 0
1417000 1
1417500 1
1418000 1
1418500 0
1419000 0
1419500 4
1420000 1
1420500 1
1421000 3
1421500 2
1422000 1
1422500 0
1423000 1
1423500 0
1424000 1
1424500 0
1425000 0
1425500 1
1426000 3
1426500 1
1427000 1
1427500 1
1428000 0
1428500 0
1429000 0
1429500 0
1430000 0
1430500 0
1431000 0
1431500 2
1432000 2
1432500 1
1433000 1
1433500 0
1434000 1
1434500 3
1435000 0
1435500 0
1436000 0
1436500 0
1437000 0
1437500 3
1438000 2
1438500 3
1439000 0
1439500 1
1440000 2
1440500 0
1441000 1
1441500 1
1442000 2
1442500 1
1443000 0
1443500 1
1444000 1
1444500 0
1445000 0
1445500 0
1446000 1
1446500 1
1447000 2
1447500 2
1448000 3
1448500 2
1449000 1
1449500 3
1450000 0
1450500 1
1451000 0
1451500 0
1452000 1
1452500 3
1453000 0
1453500 2
1454000 12
1454500 4
1455000 2
1455500 19
1456000 0
1456500 0
1457000 0
1457500 2
1458000 6
1458500 10
1459000 2
1459500 10
1460000 5
1460500 1
1461000 2
1461500 0
1462000 2
1462500 2
1463000 2
1463500 0
1464000 1
1464500 2
1465000 0
1465500 0
1466000 0
1466500 1
1467000 2
1467500 1
1468000 1
1468500 0
1469000 1
1469500 0
1470000 4
1470500 2
1471000 2
1471500 2
1472000 2
1472500 1
1473000 0
1473500 0
1474000 1
1474500 2
1475000 1
1475500 2
1476000 0
1476500 0
1477000 2
1477500 2
1478000 4
1478500 7
1479000 1
1479500 5
1480000 6
1480500 42
1481000 1
1481500 40
1482000 13
1482500 3
1483000 2
1483500 1
1484000 4
1484500 2
1485000 2
1485500 2
1486000 0
1486500 3
1487000 0
1487500 0
1488000 3
1488500 12
1489000 0
1489500 15
1490000 7
1490500 1
1491000 2
1491500 5
1492000 0
1492500 0
1493000 0
1493500 0
1494000 0
1494500 0
1495000 0
1495500 2
1496000 2
1496500 2
1497000 0
1497500 1
1498000 8
1498500 17
1499000 1
1499500 19
1500000 5
1500500 2
1501000 4
1501500 3
1502000 1
1502500 3
1503000 2
1503500 4
1504000 1
1504500 1
1505000 2
1505500 1
1506000 3
1506500 1
1507000 2
1507500 0
1508000 0
1508500 1
1509000 1
1509500 2
1510000 1
1510500 2
1511000 0
1511500 1
1512000 2
1512500 1
1513000 0
1513500 1
1514000 2
1514500 2
1515000 1
1515500 0
1516000 0
1516500 0
1517000 0
1517500 2
1518000 2
1518500 6
1519000 1
1519500 4
1520000 4
1520500 1
1521000 0
1521500 1
1522000 3
1522500 2
1523000 0
1523500 1
1524000 0
1524500 5
1525000 0
1525500 0
1526000 0
1526500 0
1527000 0
1527500 0
1528000 0
1528500 0
1529000 2
1529500 2
1530000 1
1530500 0
1531000 0
1531500 0
1532000 0
1532500 0
1533000 1
1533500 2
1534000 1
1534500 1
1535000 2
1535500 1
1536000 3
1536500 1
1537000 3
1537500 2
1538000 4
1538500 3
1539000 4
1539500 0
1540000 2
1540500 0
1541000 2
1541500 0
1542000 0
1542500 1
1543000 2
1543500 3
1544000 1
1544500 0
1545000 0
1545500 0
1546000 1
1546500 0
1547000 1
1547500 0
1548000 0
1548500 1
1549000 2
1549500 0
1550000 0
1550500 1
1551000 2
1551500 0
1552000 0
1552500 4
1553000 2
1553500 3
1554000 1
1554500 4
1555000 2
1555500 2
1556000 2
1556500 1
1557000 2
1557500 0
1558000 0
1558500 0
1559000 1
1559500 0
1560000 0
1560500 2
1561000 2
1561500 2
1562000 0
1562500 0
1563000 0
1563500 0
1564000 0
1564500 1
1565000 0
1565500 0
1566000 6
1566500 2
1567000 5
1567500 2
1568000 0
1568500 1
1569000 1
1569500 0
1570000 1
1570500 3
1571000 4
1571500 3
1572000 3
1572500 0
1573000 0
1573500 1
1574000 1
1574500 2
1575000 0
1575500 0
1576000 1
1576500 0
1577000 0
1577500 1
1578000 0
1578500 3
1579000 0
1579500 8
1580000 0
1580500 0
1581000 0
1581500 0
1582000 0
1582500 0
1583000 1
1583500 2
1584000 1
1584500 0
1585000 0
1585500 1
1586000 2
1586500 1
1587000 0
1587500 1
1588000 2
1588500 1
1589000 0
1589500 0
1590000 0
1590500 1
1591000 1
1591500 0
1592000 0
1592500 0
1593000 2
1593500 0
1594000 1
1594500 4
1595000 5
1595500 0
1596000 8
1596500 1
1597000 0
1597500 0
1598000 9
1598500 17
1599000 5
1599500 27
1600000 2
1600500 0
1601000 0
1601500 2
1602000 1
1602500 0
1603000 0
1603500 0
1604000 0
1604500 1
1605000 1
1605500 1
1606000 0
1606500 2
1607000 2
1607500 1
1608000 0
1608500 0
1609000 0
1609500 1
1610000 0
1610500 0
1611000 1
1611500 0
1612000 0
1612500 1
1613000 0
1613500 1
1614000 1
1614500 1
1615000 0
1615500 3
1616000 3
1616500 0
1617000 2
1617500 2
1618000 11
1618500 22
1619000 1
1619500 36
1620000 3
1620500 3
1621000 1
1621500 2
1622000 2
1622500 25
1623000 7
1623500 16
1624000 15
1624500 4
1625000 3
1625500 2
1626000 1
1626500 1
1627000 0
1627500 1
1628000 0
1628500 2
1629000 0
1629500 3
1630000 0
1630500 1
1631000 1
1631500 2
1632000 0
1632500 0
1633000 1
1633500 1
1634000 1
1634500 1
1635000 2
1635500 0
1636000 0
1636500 0
1637000 2
1637500 3
1638000 6
1638500 2
1639000 0
1639500 8
1640000 2
1640500 1
1641000 0
1641500 0
1642000 2
1642500 5
1643000 1
1643500 3
1644000 2
1644500 1
1645000 0
1645500 2
1646000 4
1646500 1
1647000 2
1647500 2
1648000 0
1648500 1
1649000 0
1649500 1
1650000 1
1650500 0
1651000 1
1651500 0
1652000 0
1652500 0
1653000 0
1653500 3
1654000 0
1654500 4
1655000 1
1655500 2
1656000 1
1656500 2
1657000 0
1657500 1
1658000 8
1658500 12
1659000 2
1659500 10
1660000 2
1660500 1
1661000 2
1661500 1
1662000 0
1662500 1
1663000 0
1663500 2
1664000 2
1664500 1
1665000 0
1665500 1
1666000 1
1666500 3
1667000 5
1667500 1
1668000 0
1668500 0
1669000 2
1669500 0
1670000 1
1670500 2
1671000 2
1671500 2
1672000 3
1672500 1
1673000 1
1673500 1
1674000 1
1674500 0
1675000 3
1675500 21
1676000 0
1676500 18
1677000 11
1677500 3
1678000 4
1678500 10
1679000 1
1679500 11
1680000 2
1680500 0
1681000 0
1681500 0
1682000 0
1682500 0
1683000 0
1683500 1
1684000 1
1684500 1
1685000 2
1685500 2
1686000 2
1686500 0
1687000 2
1687500 1
1688000 0
1688500 1
1689000 2
1689500 1
1690000 0
1690500 0
1691000 1
1691500 0
1692000 2
1692500 2
1693000 3
1693500 0
1694000 2
1694500 2
1695000 0
1695500 3
1696000 1
1696500 1
1697000 3
1697500 4
1698000 7
1698500 11
1699000 1
1699500 9
1700000 2
1700500 1
1701000 4
1701500 2
1702000 2
1702500 1
1703000 3
1703500 1
1704000 0
1704500 3
1705000 0
1705500 1
1706000 1
1706500 1
1707000 0
1707500 1
1708000 3
1708500 0
1709000 1
1709500 0
1710000 0
1710500 0
1711000 0
1711500 4
1712000 24
1712500 0
1713000 19
1713500 6
1714000 1
1714500 0
1715000 1
1715500 3
1716000 4
1716500 3
1717000 3
1717500 0
1718000 2
1718500 2
1719000 1
1719500 3
1720000 2
1720500 0
1721000 0
1721500 0
1722000 1
1722500 1
1723000 1
1723500 2
1724000 0
1724500 3
1725000 2
1725500 2
1726000 0
1726500 1
1727000 1
1727500 1
1728000 1
1728500 1
1729000 4
1729500 2
1730000 0
1730500 2
1731000 2
1731500 2
1732000 1
1732500 1
1733000 2
1733500 0
1734000 0
1734500 0
1735000 0
1735500 0
1736000 0
1736500 0
1737000 0
1737500 0
1738000 11
1738500 13
1739000 3
1739500 22
1740000 5
1740500 1
1741000 1
1741500 4
1742000 1
1742500 4
1743000 2
1743500 3
1744000 2
1744500 0
1745000 0
1745500 0
1746000 1
1746500 2
1747000 0
1747500 0
1748000 0
1748500 2
1749000 4
1749500 0
1750000 2
1750500 6
1751000 2
1751500 4
1752000 1
1752500 1
1753000 0
1753500 0
1754000 0
1754500 0
1755000 24
1755500 6
1756000 4
1756500 17
1757000 2
1757500 1
1758000 12
1758500 14
1759000 1
1759500 24
1760000 2
1760500 0
1761000 0
1761500 4
1762000 2
1762500 0
1763000 3
1763500 0
1764000 1
1764500 4
1765000 2
1765500 0
1766000 0
1766500 2
1767000 1
1767500 3
1768000 1
1768500 1
1769000 1
1769500 0
1770000 0
1770500 1
1771000 1
1771500 3
1772000 0
1772500 0
1773000 2
1773500 0
1774000 4
1774500 0
1775000 1
1775500 0
1776000 0
1776500 0
1777000 0
1777500 0
1778000 0
1778500 0
1779000 0
1779500 0
1780000 0
1780500 0
1781000 0
1781500 0
1782000 2
1782500 0
1783000 1
1783500 0
1784000 2
1784500 1
1785000 2
1785500 0
1786000 0
1786500 1
1787000 1
1787500 1
1788000 1
1788500 1
1789000 2
1789500 3
1790000 1
1790500 0
1791000 2
1791500 0
1792000 0
1792500 0
1793000 2
1793500 0
1794000 0
1794500 2
1795000 2
1795500 0
1796000 1
1796500 1
1797000 1
1797500 0
1798000 0
1798500 2
1799000 2
1799500 0
1800000 1
1800500 2
1801000 0
1801500 0
1802000 3
1802500 3
1803000 3
1803500 3
1804000 0
1804500 0
1805000 4
1805500 5
1806000 2
1806500 1
1807000 1
1807500 1
1808000 1
1808500 0
1809000 1
1809500 1
1810000 1
1810500 1
1811000 2
1811500 1
1812000 0
1812500 0
1813000 2
1813500 2
1814000 2
1814500 0
1815000 3
1815500 3
1816000 0
1816500 0
1817000 0
1817500 1
1818000 16
1818500 10
1819000 0
1819500 26
1820000 3
1820500 1
1821000 0
1821500 1
1822000 0
1822500 3
1823000 0
1823500 0
1824000 2
1824500 5
1825000 1
1825500 0
1826000 2
1826500 2
1827000 0
1827500 2
1828000 0
1828500 2
1829000 2
1829500 2
1830000 2
1830500 0
1831000 0
1831500 0
1832000 0
1832500 0
1833000 1
1833500 0
1834000 0
1834500 0
1835000 0
1835500 3
1836000 3
1836500 2
1837000 4
1837500 3
1838000 4
1838500 10
1839000 3
1839500 20
1840000 3
1840500 0
1841000 0
1841500 1
1842000 3
1842500 3
1843000 1
1843500 0
1844000 1
1844500 3
1845000 1
1845500 1
1846000 1
1846500 6
1847000 2
1847500 0
1848000 1
1848500 0
1849000 1
1849500 1
1850000 1
1850500 0
1851000 0
1851500 0
1852000 1
1852500 0
1853000 2
1853500 1
1854000 0
1854500 0
1855000 1
1855500 1
1856000 6
1856500 7
1857000 1
1857500 6
1858000 1
1858500 1
1859000 2
1859500 1
1860000 2
1860500 0
1861000 2
1861500 3
1862000 4
1862500 26
1863000 1
1863500 21
1864000 14
1864500 2
1865000 0
1865500 0
1866000 1
1866500 0
1867000 0
1867500 0
1868000 0
1868500 0
1869000 0
1869500 0
1870000 1
1870500 2
1871000 1
1871500 0
1872000 1
1872500 2
1873000 1
1873500 2
1874000 0
1874500 0
1875000 0
1875500 0
1876000 0
1876500 3
1877000 0
1877500 0
1878000 0
1878500 0
1879000 0
1879500 0
1880000 0
1880500 0
1881000 0
1881500 1
1882000 2
1882500 1
1883000 0
1883500 1
1884000 1
1884500 0
1885000 1
1885500 2
1886000 2
1886500 3
1887000 1
1887500 4
1888000 1
1888500 3
1889000 2
1889500 3
1890000 2
1890500 10
1891000 22
1891500 4
1892000 30
1892500 4
1893000 0
1893500 2
1894000 3
1894500 1
1895000 0
1895500 1
1896000 2
1896500 1
1897000 1
1897500 3
1898000 6
1898500 9
1899000 0
1899500 0
1900000 0
1900500 0
1901000 1
1901500 2
1902000 2
1902500 2
1903000 0
1903500 0
1904000 0
1904500 0
1905000 0
1905500 0
1906000 1
1906500 1
1907000 4
1907500 3
1908000 3
1908500 2
1909000 1
1909500 1
1910000 2
1910500 2
1911000 2
1911500 1
1912000 2
1912500 1
1913000 1
1913500 0
1914000 1
1914500 1
1915000 2
1915500 6
1916000 3
1916500 3
1917000 0
1917500 0
1918000 6
1918500 20
1919000 6
1919500 21
1920000 3
1920500 1
1921000 1
1921500 1
1922000 1
1922500 0
1923000 0
1923500 0
1924000 3
1924500 0
1925000 1
1925500 1
1926000 0
1926500 0
1927000 0
1927500 0
1928000 0
1928500 0
1929000 0
1929500 2
1930000 0
1930500 2
1931000 0
1931500 0
1932000 0
1932500 0
1933000 1
1933500 1
1934000 1
1934500 2
1935000 0
1935500 2
1936000 1
1936500 4
1937000 1
1937500 0
1938000 6
1938500 5
1939000 2
1939500 4
1940000 0
1940500 1
1941000 0
1941500 0
1942000 0
1942500 0
1943000 2
1943500 0
1944000 3
1944500 2
1945000 1
1945500 0
1946000 2
1946500 0
1947000 0
1947500 1
1948000 1
1948500 2
1949000 1
1949500 1
1950000 0
1950500 27
1951000 3
1951500 7
1952000 8
1952500 2
1953000 3
1953500 2
1954000 4
1954500 0
1955000 2
1955500 2
1956000 1
1956500 1
1957000 0
1957500 0
1958000 1
1958500 3
1959000 1
1959500 8
1960000 1
1960500 0
1961000 1
1961500 0
1962000 1
1962500 0
1963000 1
1963500 0
1964000 1
1964500 1
1965000 2
1965500 2
1966000 0
1966500 2
1967000 0
1967500 0
1968000 0
1968500 2
1969000 0
1969500 0
1970000 1
1970500 2
1971000 1
1971500 0
1972000 2
1972500 0
1973000 1
1973500 0
1974000 2
1974500 1
1975000 4
1975500 0
1976000 0
1976500 3
1977000 0
1977500 0
1978000 2
1978500 8
1979000 1
1979500 8
1980000 2
1980500 1
1981000 1
1981500 0
1982000 1
1982500 1
1983000 1
1983500 0
1984000 0
1984500 0
1985000 2
1985500 1
1986000 0
1986500 3
1987000 0
1987500 0
1988000 4
1988500 2
1989000 5
1989500 2
1990000 2
1990500 1
1991000 2
1991500 0
1992000 0
1992500 3
1993000 2
1993500 2
1994000 0
1994500 2
1995000 3
1995500 1
1996000 0
1996500 0
1997000 0
1997500 2
1998000 0
1998500 3
1999000 2
1999500 2
2000000 2
2000500 1
2001000 1
2001500 1
2002000 1
2002500 1
2003000 1
2003500 2
2004000 2
2004500 2
2005000 1
2005500 1
2006000 1
2006500 0
2007000 0
2007500 1
2008000 2
2008500 3
2009000 2
2009500 0
2010000 2
2010500 3
2011000 4
2011500 1
2012000 2
2012500 0
2013000 2
2013500 0
2014000 0
2014500 0
2015000 0
2015500 0
2016000 0
2016500 2
2017000 1
2017500 0
2018000 0
2018500 1
2019000 2
2019500 3
2020000 0
2020500 2
2021000 0
2021500 1
2022000 0
2022500 23
2023000 12
2023500 18
2024000 16
2024500 3
2025000 3
2025500 2
2026000 3
2026500 0
2027000 0
2027500 1
2028000 1
2028500 0
2029000 0
2029500 1
2030000 1
2030500 0
2031000 1
2031500 2
2032000 0
2032500 1
2033000 1
2033500 2
2034000 0
2034500 0
2035000 0
2035500 2
2036000 5
2036500 4
2037000 19
2037500 14
2038000 13
2038500 14
2039000 0
2039500 0
2040000 0
2040500 0
2041000 0
2041500 0
2042000 3
2042500 2
2043000 1
2043500 0
2044000 1
2044500 0
2045000 3
2045500 2
2046000 0
2046500 0
2047000 0
2047500 3
2048000 3
2048500 19
2049000 4
2049500 8
2050000 17
2050500 0
2051000 0
2051500 2
2052000 4
2052500 0
2053000 1
2053500 0
2054000 1
2054500 0
2055000 2
2055500 4
2056000 0
2056500 0
2057000 2
2057500 0
2058000 4
2058500 0
2059000 1
2059500 0
2060000 3
2060500 0
2061000 1
2061500 1
2062000 1
2062500 0
2063000 0
2063500 0
2064000 2
2064500 2
2065000 3
2065500 0
2066000 0
2066500 0
2067000 0
2067500 1
2068000 2
2068500 1
2069000 1
2069500 4
2070000 33
2070500 5
2071000 5
2071500 13
2072000 1
2072500 1
2073000 0
2073500 0
2074000 2
2074500 1
2075000 0
2075500 0
2076000 0
2076500 0
2077000 0
2077500 0
2078000 0
2078500 4
2079000 1
2079500 0
2080000 0
2080500 0
2081000 2
2081500 0
2082000 1
2082500 2
2083000 2
2083500 2
2084000 1
2084500 5
2085000 2
2085500 1
2086000 1
2086500 1
2087000 2
2087500 3
2088000 1
2088500 2
2089000 0
2089500 0
2090000 1
2090500 3
2091000 3
2091500 0
2092000 2
2092500 2
2093000 1
2093500 5
2094000 1
2094500 0
2095000 1
2095500 1
2096000 0
2096500 2
2097000 0
2097500 2
2098000 0
2098500 0
2099000 0
2099500 0
2100000 0
2100500 3
2101000 1
2101500 1
2102000 0
2102500 1
2103000 1
2103500 1
2104000 2
2104500 2
2105000 1
2105500 3
2106000 1
2106500 1
2107000 1
2107500 0
2108000 0
2108500 1
2109000 0
2109500 1
2110000 4
2110500 2
2111000 1
2111500 0
2112000 0
2112500 0
2113000 0
2113500 1
2114000 3
2114500 4
2115000 0
2115500 0
2116000 0
2116500 0
2117000 0
2117500 0
2118000 0
2118500 1
2119000 0
2119500 1
2120000 0
2120500 0
2121000 0
2121500 1
2122000 2
2122500 2
2123000 3
2123500 0
2124000 0
2124500 3
2125000 2
2125500 0
2126000 0
2126500 0
2127000 0
2127500 1
2128000 1
2128500 3
2129000 0
2129500 0
2130000 0
2130500 1
2131000 1
2131500 0
2132000 1
2132500 2
2133000 0
2133500 2
2134000 3
2134500 1
2135000 0
2135500 3
2136000 1
2136500 2
2137000 0
2137500 1
2138000 0
2138500 0
2139000 0
2139500 0
2140000 2
2140500 0
2141000 2
2141500 3
2142000 5
2142500 1
2143000 1
2143500 3
2144000 1
2144500 4
2145000 1
2145500 1
2146000 1
2146500 1
2147000 1
2147500 2
2148000 0
2148500 2
2149000 0
2149500 1
2150000 0
2150500 0
2151000 1
2151500 0
2152000 0
2152500 0
2153000 1
2153500 1
2154000 1
2154500 2
2155000 2
2155500 1
2156000 1
2156500 3
2157000 0
2157500 3
2158000 1
2158500 2
2159000 0
2159500 1
2160000 0
2160500 0
2161000 0
2161500 0
2162000 0
2162500 4
2163000 3
2163500 0
2164000 1
2164500 1
2165000 3
2165500 0
2166000 0
2166500 0
2167000 1
2167500 0
2168000 0
2168500 2
2169000 0
2169500 1
2170000 3
2170500 1
2171000 1
2171500 2
2172000 0
2172500 1
2173000 0
2173500 0
2174000 0
2174500 2
2175000 0
2175500 0
2176000 2
2176500 3
2177000 2
2177500 2
2178000 4
2178500 2
2179000 0
2179500 2
2180000 2
2180500 3
2181000 4
2181500 2
2182000 1
2182500 0
2183000 0
2183500 0
2184000 1
2184500 0
2185000 0
2185500 2
2186000 4
2186500 0
2187000 1
2187500 0
2188000 0
2188500 0
2189000 0
2189500 1
2190000 2
2190500 3
2191000 0
2191500 0
2192000 0
2192500 1
2193000 1
2193500 2
2194000 2
2194500 1
2195000 0
2195500 2
2196000 0
2196500 2
2197000 1
2197500 2
2198000 1
2198500 2
2199000 1
2199500 4
2200000 3
2200500 1
2201000 0
2201500 0
2202000 3
2202500 2
2203000 1
2203500 1
2204000 4
2204500 1
2205000 1
2205500 4
2206000 4
2206500 5
2207000 2
2207500 0
2208000 2
2208500 1
2209000 1
2209500 2
2210000 0
2210500 1
2211000 3
2211500 0
2212000 3
2212500 3
2213000 5
2213500 0
2214000 4
2214500 4
2215000 3
2215500 1
2216000 1
2216500 0
2217000 2
2217500 1
2218000 1
2218500 0
2219000 1
2219500 4
2220000 2
2220500 1
2221000 1
2221500 5
2222000 1
2222500 0
2223000 2
2223500 2
2224000 0
2224500 3
2225000 2
2225500 1
2226000 2
2226500 1
2227000 1
2227500 3
2228000 4
2228500 2
2229000 1
2229500 1
2230000 0
2230500 1
2231000 0
2231500 0
2232000 0
2232500 2
2233000 4
2233500 1
2234000 2
2234500 3
2235000 2
2235500 5
2236000 2
2236500 1
2237000 2
2237500 2
2238000 1
2238500 0
2239000 1
2239500 0
2240000 1
2240500 0
2241000 3
2241500 0
2242000 0
2242500 2
2243000 1
2243500 4
2244000 0
2244500 1
2245000 0
2245500 1
2246000 2
2246500 0
2247000 1
2247500 1
2248000 2
2248500 0
2249000 4
2249500 1
2250000 2
2250500 4
2251000 1
2251500 1
2252000 1
2252500 1
2253000 0
2253500 0
2254000 2
2254500 1
2255000 2
2255500 1
2256000 1
2256500 0
2257000 2
2257500 0
2258000 0
2258500 0
2259000 0
2259500 0
2260000 1
2260500 0
2261000 2
2261500 1
2262000 2
2262500 1
2263000 1
2263500 0
2264000 1
2264500 1
2265000 2
2265500 0
2266000 1
2266500 0
2267000 0
2267500 0
2268000 2
2268500 0
2269000 1
2269500 0
2270000 0
2270500 0
2271000 2
2271500 0
2272000 1
2272500 1
2273000 3
2273500 1
2274000 0
2274500 0
2275000 2
2275500 1
2276000 2
2276500 1
2277000 0
2277500 1
2278000 1
2278500 1
2279000 1
2279500 0
2280000 2
2280500 1
2281000 1
2281500 1
2282000 3
2282500 4
2283000 1
2283500 1
2284000 3
2284500 0
2285000 2
2285500 4
2286000 1
2286500 1
2287000 1
2287500 0
2288000 0
2288500 1
2289000 1
2289500 3
2290000 3
2290500 2
2291000 2
2291500 0
2292000 4
2292500 2
2293000 1
2293500 1
2294000 0
2294500 2
2295000 0
2295500 0
2296000 1
2296500 1
2297000 0
2297500 1
2298000 2
2298500 2
2299000 1
2299500 6
2300000 1
2300500 0
2301000 1
2301500 3
2302000 1
2302500 2
2303000 0
2303500 0
2304000 0
2304500 0
2305000 1
2305500 0
2306000 4
2306500 1
2307000 3
2307500 1
2308000 1
2308500 2
2309000 2
2309500 0
2310000 0
2310500 0
2311000 1
2311500 2
2312000 2
2312500 1
2313000 1
2313500 1
2314000 0
2314500 0
2315000 4
2315500 5
2316000 0
2316500 3
2317000 2
2317500 2
2318000 2
2318500 5
2319000 3
2319500 3
2320000 0
2320500 3
2321000 2
2321500 0
2322000 1
2322500 3
2323000 2
2323500 0
2324000 2
2324500 2
2325000 6
2325500 1
2326000 5
2326500 2
2327000 1
2327500 3
2328000 2
2328500 1
2329000 2
2329500 1
2330000 0
2330500 1
2331000 0
2331500 0
2332000 1
2332500 1
2333000 2
2333500 0
2334000 0
2334500 0
2335000 1
2335500 1
2336000 2
2336500 1
2337000 1
2337500 0
2338000 1
2338500 0
2339000 2
2339500 2
2340000 2
2340500 1
2341000 6
2341500 1
2342000 5
2342500 5
2343000 3
2343500 1
2344000 2
2344500 1
2345000 0
2345500 2
2346000 2
2346500 2
2347000 3
2347500 1
2348000 0
2348500 1
2349000 3
2349500 0
2350000 2
2350500 4
2351000 4
2351500 0
2352000 1
2352500 0
2353000 1
2353500 0
2354000 2
2354500 1
2355000 1
2355500 3
2356000 1
2356500 0
2357000 1
2357500 2
2358000 2
2358500 1
2359000 0
2359500 0
2360000 0
2360500 1
2361000 2
2361500 0
2362000 0
2362500 0
2363000 0
2363500 0
2364000 0
2364500 1
2365000 1
2365500 0
2366000 1
2366500 0
2367000 2
2367500 0
2368000 5
2368500 2
2369000 0
2369500 2
2370000 0
2370500 0
2371000 1
2371500 0
2372000 2
2372500 2
2373000 0
2373500 0
2374000 0
2374500 2
2375000 3
2375500 1
2376000 0
2376500 3
2377000 1
2377500 0
2378000 3
2378500 0
2379000 2
2379500 4
2380000 1
2380500 2
2381000 1
2381500 0
2382000 1
2382500 2
2383000 0
2383500 0
2384000 0
2384500 1
2385000 4
2385500 2
2386000 1
2386500 1
2387000 1
2387500 1
2388000 0
2388500 1
2389000 1
2389500 1
2390000 3
2390500 0
2391000 1
2391500 2
2392000 0
2392500 2
2393000 5
2393500 28
2394000 1
2394500 36
2395000 7
2395500 0
2396000 1
2396500 3
2397000 1
2397500 2
2398000 1
2398500 0
2399000 1
2399500 0
2400000 0
2400500 0
2401000 2
2401500 0
2402000 0
2402500 0
2403000 2
2403500 1
2404000 3
2404500 1
2405000 1
2405500 1
2406000 1
2406500 0
2407000 0
2407500 0
2408000 0
2408500 0
2409000 0
2409500 1
2410000 2
2410500 4
2411000 3
2411500 2
2412000 0
2412500 1
2413000 2
2413500 0
2414000 1
2414500 4
2415000 9
2415500 3
2416000 16
2416500 9
2417000 2
2417500 0
2418000 2
2418500 1
2419000 0
2419500 0
2420000 0
2420500 7
2421000 14
2421500 2
2422000 20
2422500 1
2423000 4
2423500 2
2424000 1
2424500 0
2425000 4
2425500 0
2426000 2
2426500 0
2427000 0
2427500 1
2428000 2
2428500 1
2429000 2
2429500 3
2430000 0
2430500 2
2431000 2
2431500 1
2432000 1
2432500 0
2433000 1
2433500 0
2434000 2
2434500 0
2435000 0
2435500 1
2436000 3
2436500 1
2437000 0
2437500 0
2438000 2
2438500 1
2439000 0
2439500 1
2440000 0
2440500 1
2441000 0
2441500 0
2442000 0
2442500 0
2443000 1
2443500 4
2444000 0
2444500 1
2445000 3
2445500 1
2446000 2
2446500 1
2447000 0
2447500 2
2448000 1
2448500 0
2449000 3
2449500 4
2450000 0
2450500 1
2451000 0
2451500 1
2452000 0
2452500 1
2453000 0
2453500 0
2454000 2
2454500 0
2455000 1
2455500 0
2456000 5
2456500 1
2457000 0
2457500 0
2458000 0
2458500 0
2459000 0
2459500 2
2460000 2
2460500 0
2461000 5
2461500 2
2462000 0
2462500 2
2463000 0
2463500 0
2464000 0
2464500 2
2465000 1
2465500 0
2466000 3
2466500 1
2467000 1
2467500 1
2468000 3
2468500 2
2469000 1
2469500 1
2470000 0
2470500 2
2471000 0
2471500 2
2472000 1
2472500 1
2473000 0
2473500 3
2474000 3
2474500 4
2475000 1
2475500 0
2476000 0
2476500 1
2477000 0
2477500 4
2478000 1
2478500 2
2479000 0
2479500 2
2480000 2
2480500 1
2481000 0
2481500 1
2482000 6
2482500 1
2483000 2
2483500 0
2484000 1
2484500 4
2485000 1
2485500 2
2486000 0
2486500 1
2487000 1
2487500 1
2488000 0
2488500 1
2489000 2
2489500 0
2490000 2
2490500 1
2491000 0
2491500 1
2492000 0
2492500 0
2493000 1
2493500 0
2494000 0
2494500 0
2495000 0
2495500 1
2496000 0
2496500 3
2497000 4
2497500 0
2498000 1
2498500 3
2499000 1
2499500 0
2500000 3
2500500 2
2501000 1
2501500 0
2502000 0
2502500 1
2503000 2
2503500 3
2504000 2
2504500 6
2505000 0
2505500 2
2506000 0
2506500 1
2507000 0
2507500 3
2508000 1
2508500 4
2509000 3
2509500 0
2510000 1
2510500 0
2511000 0
2511500 0
2512000 2
2512500 2
2513000 2
2513500 8
2514000 1
2514500 11
2515000 4
2515500 1
2516000 0
2516500 2
2517000 2
2517500 1
2518000 0
2518500 1
2519000 1
2519500 4
2520000 0
2520500 0
2521000 0
2521500 0
2522000 2
2522500 0
2523000 3
2523500 2
2524000 0
2524500 1
2525000 0
2525500 3
2526000 1
2526500 0
2527000 2
2527500 2
2528000 2
2528500 0
2529000 0
2529500 1
2530000 2
2530500 0
2531000 0
2531500 0
2532000 0
2532500 0
2533000 3
2533500 1
2534000 1
2534500 1
2535000 2
2535500 2
2536000 2
2536500 0
2537000 0
2537500 3
2538000 3
2538500 1
2539000 1
2539500 0
2540000 0
2540500 0
2541000 0
2541500 0
2542000 0
2542500 0
2543000 2
2543500 3
2544000 0
2544500 0
2545000 0
2545500 2
2546000 0
2546500 0
2547000 0
2547500 1
2548000 1
2548500 3
2549000 1
2549500 2
2550000 6
2550500 2
2551000 2
2551500 1
2552000 2
2552500 1
2553000 1
2553500 1
2554000 2
2554500 2
2555000 2
2555500 1
2556000 1
2556500 0
2557000 0
2557500 2
2558000 0
2558500 1
2559000 0
2559500 2
2560000 1
2560500 1
2561000 2
2561500 2
2562000 3
2562500 1
2563000 2
2563500 7
2564000 0
2564500 0
2565000 1
2565500 4
2566000 0
2566500 0
2567000 1
2567500 3
2568000 3
2568500 2
2569000 2
2569500 0
2570000 0
2570500 1
2571000 1
2571500 1
2572000 0
2572500 0
2573000 0
2573500 2
2574000 0
2574500 1
2575000 0
2575500 0
2576000 0
2576500 2
2577000 3
2577500 3
2578000 1
2578500 0
2579000 0
2579500 1
2580000 2
2580500 1
2581000 0
2581500 0
2582000 0
2582500 0
2583000 0
2583500 3
2584000 0
2584500 2
2585000 0
2585500 1
2586000 1
2586500 0
2587000 2
2587500 1
2588000 0
2588500 0
2589000 0
2589500 0
2590000 3
2590500 0
2591000 1
2591500 0
2592000 0
2592500 0
2593000 0
2593500 0
2594000 0
2594500 0
2595000 0
2595500 1
2596000 0
2596500 1
2597000 1
2597500 0
2598000 0
2598500 2
2599000 1
2599500 0
2600000 2
2600500 1
2601000 2
2601500 2
2602000 1
2602500 1
2603000 1
2603500 3
2604000 4
2604500 2
2605000 3
2605500 1
2606000 4
2606500 0
2607000 0
2607500 2
2608000 3
2608500 0
2609000 0
2609500 0
2610000 5
2610500 3
2611000 2
2611500 2
2612000 2
2612500 1
2613000 1
2613500 1
2614000 1
2614500 0
2615000 1
2615500 2
2616000 1
2616500 4
2617000 3
2617500 0
2618000 0
2618500 3
2619000 2
2619500 6
2620000 1
2620500 6
2621000 4
2621500 4
2622000 3
2622500 1
2623000 2
2623500 3
2624000 2
2624500 0
2625000 0
2625500 3
2626000 1
2626500 2
2627000 1
2627500 0
2628000 2
2628500 1
2629000 2
2629500 0
2630000 2
2630500 0
2631000 0
2631500 1
2632000 0
2632500 2
2633000 2
2633500 1
2634000 0
2634500 0
2635000 2
2635500 2
2636000 3
2636500 13
2637000 8
2637500 5
2638000 26
2638500 3
2639000 1
2639500 0
2640000 0
2640500 0
2641000 0
2641500 0
2642000 0
2642500 3
2643000 4
2643500 2
2644000 3
2644500 2
2645000 1
2645500 2
2646000 1
2646500 0
2647000 1
2647500 1
2648000 1
2648500 0
2649000 2
2649500 1
2650000 0
2650500 1
2651000 0
2651500 3
2652000 1
2652500 0
2653000 2
2653500 1
2654000 3
2654500 2
2655000 0
2655500 3
2656000 2
2656500 2
2657000 0
2657500 4
2658000 2
2658500 0
2659000 3
2659500 1
2660000 1
2660500 1
2661000 1
2661500 1
2662000 2
2662500 2
2663000 1
2663500 0
2664000 2
2664500 0
2665000 2
2665500 1
2666000 1
2666500 2
2667000 0
2667500 2
2668000 3
2668500 2
2669000 2
2669500 0
2670000 2
2670500 3
2671000 0
2671500 2
2672000 1
2672500 1
2673000 0
2673500 0
2674000 1
2674500 1
2675000 2
2675500 2
2676000 0
2676500 1
2677000 2
2677500 3
2678000 3
2678500 3
2679000 1
2679500 0
2680000 2
2680500 4
2681000 1
2681500 2
2682000 0
2682500 1
2683000 0
2683500 1
2684000 1
2684500 3
2685000 4
2685500 2
2686000 1
2686500 0
2687000 1
2687500 5
2688000 0
2688500 1
2689000 1
2689500 0
2690000 2
2690500 0
2691000 0
2691500 1
2692000 2
2692500 0
2693000 0
2693500 0
2694000 0
2694500 0
2695000 0
2695500 0
2696000 0
2696500 0
2697000 0
2697500 0
2698000 0
2698500 0
2699000 2
2699500 2
2700000 2
2700500 4
2701000 5
2701500 1
2702000 1
2702500 0
2703000 4
2703500 3
2704000 3
2704500 1
2705000 2
2705500 3
2706000 2
2706500 0
2707000 1
2707500 0
2708000 2
2708500 3
2709000 1
2709500 1
2710000 0
2710500 4
2711000 1
2711500 2
2712000 0
2712500 0
2713000 1
2713500 0
2714000 3
2714500 1
2715000 0
2715500 1
2716000 3
2716500 4
2717000 1
2717500 4
2718000 2
2718500 1
2719000 2
2719500 0
2720000 0
2720500 1
2721000 6
2721500 1
2722000 0
2722500 1
2723000 1
2723500 2
2724000 0
2724500 3
2725000 3
2725500 2
2726000 1
2726500 3
2727000 3
2727500 1
2728000 0
2728500 1
2729000 1
2729500 1
2730000 1
2730500 2
2731000 0
2731500 0
2732000 0
2732500 0
2733000 2
2733500 0
2734000 0
2734500 1
2735000 1
2735500 2
2736000 1
2736500 1
2737000 2
2737500 1
2738000 2
2738500 0
2739000 0
2739500 0
2740000 0
2740500 1
2741000 1
2741500 1
2742000 0
2742500 1
2743000 4
2743500 2
2744000 1
2744500 0
2745000 0
2745500 3
2746000 0
2746500 0
2747000 1
2747500 0
2748000 1
2748500 0
2749000 1
2749500 1
2750000 2
2750500 10
2751000 14
2751500 1
2752000 20
2752500 2
2753000 1
2753500 2
2754000 1
2754500 1
2755000 1
2755500 1
2756000 2
2756500 1
2757000 0
2757500 4
2758000 2
2758500 3
2759000 1
2759500 0
2760000 1
2760500 0
2761000 0
2761500 0
2762000 0
2762500 0
2763000 4
2763500 3
2764000 1
2764500 1
2765000 0
2765500 0
2766000 1
2766500 0
2767000 2
2767500 0
2768000 6
2768500 3
2769000 1
2769500 1
2770000 2
2770500 2
2771000 1
2771500 2
2772000 0
2772500 1
2773000 1
2773500 2
2774000 1
2774500 2
2775000 0
2775500 0
2776000 3
2776500 1
2777000 1
2777500 0
2778000 4
2778500 2
2779000 1
2779500 1
2780000 5
2780500 2
2781000 4
2781500 1
2782000 2
2782500 3
2783000 2
2783500 0
2784000 0
2784500 2
2785000 0
2785500 0
2786000 2
2786500 1
2787000 2
2787500 0
2788000 1
2788500 4
2789000 1
2789500 0
2790000 0
2790500 0
2791000 4
2791500 1
2792000 1
2792500 2
2793000 1
2793500 2
2794000 0
2794500 0
2795000 2
2795500 0
2796000 3
2796500 3
2797000 1
2797500 0
2798000 1
2798500 0
2799000 0
2799500 0
2800000 2
2800500 1
2801000 3
2801500 1
2802000 2
2802500 0
2803000 3
2803500 24
2804000 26
2804500 5
2805000 23
2805500 8
2806000 2
2806500 1
2807000 0
2807500 1
2808000 1
2808500 0
2809000 0
2809500 2
2810000 0
2810500 0
2811000 2
2811500 0
2812000 0
2812500 0
2813000 0
2813500 0
2814000 0
2814500 0
2815000 1
2815500 1
2816000 0
2816500 0
2817000 1
2817500 4
2818000 3
2818500 2
2819000 1
2819500 1
2820000 2
2820500 1
2821000 0
2821500 2
2822000 1
2822500 1
2823000 2
2823500 0
2824000 0
2824500 0
2825000 0
2825500 0
2826000 1
2826500 2
2827000 0
2827500 1
2828000 3
2828500 0
2829000 0
2829500 0
2830000 1
2830500 1
2831000 0
2831500 6
2832000 1
2832500 15
2833000 6
2833500 18
2834000 19
2834500 1
2835000 2
2835500 2
2836000 0
2836500 2
2837000 0
2837500 2
2838000 1
2838500 0
2839000 2
2839500 2
2840000 0
2840500 1
2841000 0
2841500 1
2842000 1
2842500 3
2843000 0
2843500 0
2844000 0
2844500 0
2845000 1
2845500 1
2846000 10
2846500 2
2847000 3
2847500 3
2848000 0
2848500 6
2849000 2
2849500 2
2850000 5
2850500 0
2851000 0
2851500 0
2852000 2
2852500 3
2853000 6
2853500 3
2854000 3
2854500 2
2855000 0
2855500 5
2856000 1
2856500 12
2857000 30
2857500 1
2858000 34
2858500 1
2859000 1
2859500 0
2860000 2
2860500 2
2861000 1
2861500 1
2862000 2
2862500 1
2863000 1
2863500 0
2864000 1
2864500 1
2865000 1
2865500 3
2866000 1
2866500 4
2867000 3
2867500 6
2868000 3
2868500 2
2869000 2
2869500 2
2870000 0
2870500 1
2871000 2
2871500 3
2872000 2
2872500 0
2873000 1
2873500 3
2874000 3
2874500 0
2875000 2
2875500 3
2876000 1
2876500 2
2877000 0
2877500 0
2878000 0
2878500 0
2879000 1
2879500 0
2880000 0
2880500 0
2881000 0
2881500 1
2882000 1
2882500 1
2883000 3
2883500 0
2884000 1
2884500 3
2885000 2
2885500 2
2886000 1
2886500 2
2887000 0
2887500 0
2888000 0
2888500 0
2889000 0
2889500 1
2890000 0
2890500 0
2891000 0
2891500 4
2892000 1
2892500 3
2893000 2
2893500 0
2894000 1
2894500 2
2895000 2
2895500 2
2896000 0
2896500 3
2897000 0
2897500 1
2898000 2
2898500 1
2899000 3
2899500 3
2900000 1
2900500 1
2901000 2
2901500 2
2902000 30
2902500 8
2903000 6
2903500 29
2904000 2
2904500 1
2905000 1
2905500 1
2906000 0
2906500 0
2907000 0
2907500 0
2908000 1
2908500 2
2909000 1
2909500 4
2910000 0
2910500 0
2911000 1
2911500 2
2912000 0
2912500 2
2913000 2
2913500 1
2914000 0
2914500 3
2915000 3
2915500 1
2916000 1
2916500 0
2917000 1
2917500 2
2918000 1
2918500 1
2919000 1
2919500 3
2920000 0
2920500 1
2921000 1
2921500 2
2922000 6
2922500 1
2923000 3
2923500 1
2924000 3
2924500 2
2925000 3
2925500 1
2926000 0
2926500 2
2927000 1
2927500 1
2928000 1
2928500 3
2929000 0
2929500 0
2930000 0
2930500 1
2931000 1
2931500 0
2932000 0
2932500 0
2933000 0
2933500 1
2934000 1
2934500 1
2935000 1
2935500 2
2936000 3
2936500 0
2937000 2
2937500 2
2938000 2
2938500 1
2939000 0
2939500 4
2940000 0
2940500 2
2941000 3
2941500 4
2942000 1
2942500 1
2943000 1
2943500 0
2944000 4
2944500 0
2945000 1
2945500 2
2946000 2
2946500 0
2947000 0
2947500 0
2948000 1
2948500 2
2949000 1
2949500 1
2950000 2
2950500 0
2951000 1
2951500 1
2952000 0
2952500 0
2953000 1
2953500 0
2954000 0
2954500 3
2955000 1
2955500 3
2956000 0
2956500 0
2957000 0
2957500 1
2958000 0
2958500 0
2959000 0
2959500 1
2960000 0
2960500 3
2961000 1
2961500 0
2962000 4
2962500 2
2963000 2
2963500 2
2964000 0
2964500 0
2965000 0
2965500 0
2966000 3
2966500 2
2967000 1
2967500 0
2968000 0
2968500 4
2969000 4
2969500 2
2970000 2
2970500 0
2971000 0
2971500 1
2972000 0
2972500 0
2973000 2
2973500 0
2974000 3
2974500 2
2975000 2
2975500 2
2976000 3
2976500 1
2977000 1
2977500 0
2978000 1
2978500 0
2979000 0
2979500 4
2980000 1
2980500 1
2981000 0
2981500 0
2982000 0
2982500 3
2983000 5
2983500 3
2984000 2
2984500 2
2985000 1
2985500 0
2986000 1
2986500 0
2987000 0
2987500 0
2988000 2
2988500 0
2989000 1
2989500 0
2990000 0
2990500 0
2991000 1
2991500 1
2992000 1
2992500 1
2993000 2
2993500 1
2994000 2
2994500 1
2995000 1
2995500 1
2996000 1
2996500 1
2997000 3
2997500 2
2998000 0
2998500 0
2999000 0
2999500 0
3000000 0
3000500 1
3001000 2
3001500 7
3002000 0
3002500 0
3003000 1
3003500 7
3004000 1
3004500 1
3005000 2
3005500 0
3006000 0
3006500 1
3007000 1
3007500 1
3008000 0
3008500 0
3009000 0
3009500 0
3010000 3
3010500 2
3011000 0
3011500 0
3012000 2
3012500 1
3013000 0
3013500 2
3014000 0
3014500 0
3015000 1
3015500 2
3016000 1
3016500 3
3017000 1
3017500 2
3018000 0
3018500 1
3019000 0
3019500 1
3020000 1
3020500 2
3021000 0
3021500 1
3022000 1
3022500 2
3023000 0
3023500 3
3024000 3
3024500 2
3025000 4
3025500 2
3026000 2
3026500 0
3027000 2
3027500 1
3028000 0
3028500 5
3029000 4
3029500 2
3030000 3
3030500 1
3031000 0
3031500 0
3032000 1
3032500 0
3033000 3
3033500 5
3034000 1
3034500 1
3035000 0
3035500 2
3036000 1
3036500 0
3037000 2
3037500 1
3038000 1
3038500 0
3039000 0
3039500 1
3040000 1
3040500 1
3041000 2
3041500 2
3042000 0
3042500 2
3043000 2
3043500 3
3044000 1
3044500 1
3045000 0
3045500 4
3046000 2
3046500 1
3047000 1
3047500 1
3048000 1
3048500 2
3049000 2
3049500 0
3050000 0
3050500 4
3051000 1
3051500 0
3052000 1
3052500 1
3053000 0
3053500 4
3054000 1
3054500 1
3055000 3
3055500 1
3056000 1
3056500 0
3057000 0
3057500 4
3058000 0
3058500 1
3059000 0
3059500 0
3060000 0
3060500 1
3061000 2
3061500 0
3062000 0
3062500 2
3063000 0
3063500 1
3064000 1
3064500 23
3065000 32
3065500 19
3066000 16
3066500 3
3067000 0
3067500 2
3068000 0
3068500 0
3069000 0
3069500 1
3070000 0
3070500 1
3071000 0
3071500 1
3072000 0
3072500 3
3073000 3
3073500 0
3074000 0
3074500 0
3075000 1
3075500 2
3076000 0
3076500 0
3077000 3
3077500 6
3078000 2
3078500 1
3079000 2
3079500 2
3080000 2
3080500 2
3081000 0
3081500 2
3082000 1
3082500 1
3083000 3
3083500 0
3084000 2
3084500 1
3085000 0
3085500 1
3086000 1
3086500 4
3087000 0
3087500 0
3088000 1
3088500 2
3089000 0
3089500 2
3090000 0
3090500 0
3091000 0
3091500 2
3092000 3
3092500 1
3093000 5
3093500 2
3094000 1
3094500 2
3095000 0
3095500 1
3096000 0
3096500 1
3097000 2
3097500 2
3098000 1
3098500 1
3099000 1
3099500 3
3100000 1
3100500 1
3101000 0
3101500 1
3102000 3
3102500 0
3103000 0
3103500 0
3104000 0
3104500 0
3105000 0
3105500 0
3106000 0
3106500 3
3107000 4
3107500 7
3108000 1
3108500 1
3109000 2
3109500 1
3110000 0
3110500 0
3111000 4
3111500 2
3112000 1
3112500 1
3113000 0
3113500 0
3114000 3
3114500 1
3115000 1
3115500 1
3116000 0
3116500 0
3117000 1
3117500 2
3118000 1
3118500 0
3119000 1
3119500 3
3120000 4
3120500 2
3121000 4
3121500 2
3122000 6
3122500 7
3123000 2
3123500 2
3124000 2
3124500 0
3125000 3
3125500 1
3126000 4
3126500 9
3127000 2
3127500 11
3128000 1
3128500 3
3129000 2
3129500 1
3130000 0
3130500 1
3131000 1
3131500 0
3132000 0
3132500 2
3133000 2
3133500 2
3134000 0
3134500 0
3135000 1
3135500 1
3136000 1
3136500 1
3137000 0
3137500 1
3138000 0
3138500 1
3139000 1
3139500 3
3140000 3
3140500 1
3141000 1
3141500 6
3142000 3
3142500 31
3143000 3
3143500 20
3144000 8
3144500 1
3145000 1
3145500 0
3146000 1
3146500 3
3147000 0
3147500 1
3148000 2
3148500 0
3149000 1
3149500 2
3150000 0
3150500 1
3151000 0
3151500 3
3152000 0
3152500 0
3153000 3
3153500 1
3154000 0
3154500 2
3155000 0
3155500 3
3156000 3
3156500 5
3157000 1
3157500 1
3158000 0
3158500 1
3159000 1
3159500 2
3160000 3
3160500 2
3161000 0
3161500 0
3162000 2
3162500 0
3163000 2
3163500 0
3164000 3
3164500 0
3165000 0
3165500 3
3166000 2
3166500 1
3167000 2
3167500 1
3168000 1
3168500 0
3169000 1
3169500 0
3170000 0
3170500 0
3171000 1
3171500 0
3172000 2
3172500 5
3173000 2
3173500 3
3174000 2
3174500 0
3175000 2
3175500 0
3176000 1
3176500 2
3177000 2
3177500 1
3178000 0
3178500 0
3179000 1
3179500 3
3180000 1
3180500 0
3181000 0
3181500 0
3182000 2
3182500 1
3183000 1
3183500 6
3184000 4
3184500 7
3185000 5
3185500 8
3186000 6
3186500 1
3187000 6
3187500 0
3188000 0
3188500 1
3189000 1
3189500 3
3190000 1
3190500 1
3191000 3
3191500 1
3192000 1
3192500 1
3193000 2
3193500 0
3194000 1
3194500 0
3195000 2
3195500 0
3196000 1
3196500 4
3197000 1
3197500 1
3198000 1
3198500 2
3199000 1
3199500 1
3200000 0
3200500 3
3201000 3
3201500 0
3202000 2
3202500 1
3203000 1
3203500 1
3204000 1
3204500 0
3205000 2
3205500 26
3206000 0
3206500 12
3207000 12
3207500 0
3208000 0
3208500 0
3209000 0
3209500 0
3210000 0
3210500 0
3211000 1
3211500 4
3212000 0
3212500 1
3213000 3
3213500 0
3214000 0
3214500 1
3215000 1
3215500 0
3216000 0
3216500 0
3217000 0
3217500 3
3218000 0
3218500 0
3219000 0
3219500 1
3220000 1
3220500 0
3221000 0
3221500 0
3222000 0
3222500 0
3223000 1
3223500 0
3224000 0
3224500 1
3225000 2
3225500 0
3226000 1
3226500 2
3227000 4
3227500 2
3228000 1
3228500 0
3229000 0
3229500 0
3230000 0
3230500 3
3231000 0
3231500 0
3232000 1
3232500 1
3233000 3
3233500 34
3234000 0
3234500 16
3235000 6
3235500 0
3236000 2
3236500 1
3237000 1
3237500 0
3238000 0
3238500 2
3239000 0
3239500 0
3240000 0
3240500 0
3241000 0
3241500 0
3242000 0
3242500 2
3243000 0
3243500 1
3244000 1
3244500 1
3245000 2
3245500 2
3246000 1
3246500 1
3247000 1
3247500 0
3248000 13
3248500 9
3249000 1
3249500 24
3250000 2
3250500 0
3251000 0
3251500 2
3252000 1
3252500 2
3253000 14
3253500 5
3254000 6
3254500 3
3255000 0
3255500 0
3256000 0
3256500 0
3257000 1
3257500 1
3258000 0
3258500 4
3259000 2
3259500 1
3260000 1
3260500 1
3261000 3
3261500 1
3262000 0
3262500 1
3263000 2
3263500 1
3264000 3
3264500 3
3265000 1
3265500 1
3266000 2
3266500 0
3267000 0
3267500 0
3268000 0
3268500 1
3269000 2
3269500 4
3270000 1
3270500 3
3271000 0
3271500 0
3272000 5
3272500 1
3273000 1
3273500 0
3274000 2
3274500 0
3275000 0
3275500 1
3276000 2
3276500 2
3277000 1
3277500 0
3278000 2
3278500 2
3279000 2
3279500 0
3280000 5
3280500 2
3281000 2
3281500 3
3282000 2
3282500 2
3283000 4
3283500 3
3284000 1
3284500 2
3285000 2
3285500 0
3286000 2
3286500 4
3287000 2
3287500 2
3288000 2
3288500 0
3289000 1
3289500 0
3290000 0
3290500 0
3291000 1
3291500 1
3292000 2
3292500 3
3293000 1
3293500 1
3294000 3
3294500 1
3295000 1
3295500 3
3296000 0
3296500 0
3297000 2
3297500 0
3298000 1
3298500 3
3299000 1
3299500 2
3300000 3
3300500 3
3301000 2
3301500 1
3302000 0
3302500 2
3303000 3
3303500 0
3304000 1
3304500 0
3305000 1
3305500 1
3306000 3
3306500 0
3307000 0
3307500 0
3308000 1
3308500 1
3309000 0
3309500 1
3310000 2
3310500 3
3311000 1
3311500 3
3312000 4
3312500 0
3313000 0
3313500 2
3314000 1
3314500 4
3315000 19
3315500 1
3316000 24
3316500 5
3317000 0
3317500 3
3318000 0
3318500 1
3319000 1
3319500 3
3320000 0
3320500 0
3321000 0
3321500 1
3322000 1
3322500 3
3323000 2
3323500 2
3324000 0
3324500 1
3325000 4
3325500 2
3326000 1
3326500 1
3327000 2
3327500 0
3328000 0
3328500 0
3329000 0
3329500 7
3330000 0
3330500 0
3331000 1
3331500 1
3332000 0
3332500 0
3333000 0
3333500 3
3334000 1
3334500 2
3335000 0
3335500 0
3336000 2
3336500 1
3337000 0
3337500 1
3338000 2
3338500 2
3339000 1
3339500 1
3340000 1
3340500 0
3341000 0
3341500 0
3342000 1
3342500 0
3343000 3
3343500 1
3344000 0
3344500 1
3345000 1
3345500 0
3346000 0
3346500 0
3347000 2
3347500 1
3348000 1
3348500 3
3349000 1
3349500 0
3350000 0
3350500 2
3351000 1
3351500 2
3352000 0
3352500 1
3353000 1
3353500 2
3354000 2
3354500 1
3355000 0
3355500 2
3356000 0
3356500 0
3357000 3
3357500 1
3358000 0
3358500 2
3359000 2
3359500 14
3360000 30
3360500 11
3361000 19
3361500 1
3362000 0
3362500 0
3363000 2
3363500 3
3364000 4
3364500 1
3365000 0
3365500 2
3366000 2
3366500 4
3367000 1
3367500 0
3368000 2
3368500 2
3369000 2
3369500 4
3370000 1
3370500 1
3371000 0
3371500 0
3372000 2
3372500 3
3373000 1
3373500 4
3374000 1
3374500 1
3375000 2
3375500 4
3376000 1
3376500 0
3377000 0
3377500 1
3378000 1
3378500 3
3379000 1
3379500 1
3380000 0
3380500 1
3381000 1
3381500 1
3382000 2
3382500 0
3383000 2
3383500 0
3384000 1
3384500 0
3385000 4
3385500 2
3386000 0
3386500 2
3387000 3
3387500 0
3388000 1
3388500 0
3389000 0
3389500 1
3390000 3
3390500 0
3391000 2
3391500 0
3392000 2
3392500 0
3393000 0
3393500 0
3394000 0
3394500 0
3395000 0
3395500 0
3396000 0
3396500 0
3397000 0
3397500 0
3398000 3
3398500 2
3399000 9
3399500 1
3400000 2
3400500 6
3401000 1
3401500 1
3402000 1
3402500 2
3403000 3
3403500 0
3404000 0
3404500 2
3405000 0
3405500 1
3406000 0
3406500 3
3407000 1
3407500 1
3408000 0
3408500 1
3409000 0
3409500 0
3410000 1
3410500 2
3411000 0
3411500 3
3412000 1
3412500 0
3413000 0
3413500 1
3414000 0
3414500 0
3415000 0
3415500 1
3416000 2
3416500 0
3417000 4
3417500 2
3418000 0
3418500 1
3419000 3
3419500 1
3420000 0
3420500 2
3421000 1
3421500 0
3422000 0
3422500 3
3423000 3
3423500 2
3424000 0
3424500 2
3425000 0
3425500 1
3426000 0
3426500 2
3427000 1
3427500 0
3428000 2
3428500 1
3429000 1
3429500 1
3430000 1
3430500 1
3431000 0
3431500 1
3432000 0
3432500 1
3433000 3
3433500 2
3434000 1
3434500 0
3435000 1
3435500 1
3436000 4
3436500 1
3437000 3
3437500 1
3438000 1
3438500 1
3439000 0
3439500 2
3440000 1
3440500 0
3441000 1
3441500 2
3442000 2
3442500 0
3443000 2
3443500 1
3444000 1
3444500 0
3445000 1
3445500 2
3446000 1
3446500 0
3447000 0
3447500 0
3448000 2
3448500 1
3449000 0
3449500 1
3450000 2
3450500 1
3451000 2
3451500 2
3452000 2
3452500 2
3453000 1
3453500 3
3454000 2
3454500 2
3455000 0
3455500 2
3456000 2
3456500 2
3457000 1
3457500 2
3458000 1
3458500 1
3459000 0
3459500 2
3460000 2
3460500 1
3461000 1
3461500 1
3462000 0
3462500 1
3463000 1
3463500 0
3464000 0
3464500 1
3465000 0
3465500 1
3466000 0
3466500 1
3467000 1
3467500 8
3468000 6
3468500 0
3469000 4
3469500 1
3470000 1
3470500 1
3471000 0
3471500 0
3472000 0
3472500 0
3473000 0
3473500 0
3474000 0
3474500 1
3475000 0
3475500 2
3476000 2
3476500 2
3477000 6
3477500 5
3478000 6
3478500 0
3479000 2
3479500 0
3480000 0
3480500 1
3481000 1
3481500 3
3482000 0
3482500 0
3483000 1
3483500 2
3484000 2
3484500 4
3485000 0
3485500 2
3486000 0
3486500 1
3487000 0
3487500 0
3488000 1
3488500 2
3489000 0
3489500 1
3490000 0
3490500 3
3491000 2
3491500 2
3492000 2
3492500 1
3493000 1
3493500 2
3494000 0
3494500 7
3495000 14
3495500 4
3496000 25
3496500 2
3497000 4
3497500 1
3498000 1
3498500 2
3499000 2
3499500 0
3500000 1
3500500 2
3501000 3
3501500 1
3502000 0
3502500 0
3503000 0
3503500 3
3504000 3
3504500 5
3505000 0
3505500 0
3506000 3
3506500 1
3507000 0
3507500 1
3508000 0
3508500 1
3509000 0
3509500 2
3510000 2
3510500 3
3511000 2
3511500 1
3512000 0
3512500 0
3513000 2
3513500 0
3514000 0
3514500 1
3515000 3
3515500 0
3516000 1
3516500 1
3517000 4
3517500 2
3518000 2
3518500 0
3519000 0
3519500 0
3520000 0
3520500 0
3521000 1
3521500 0
3522000 1
3522500 1
3523000 0
3523500 0
3524000 0
3524500 1
3525000 2
3525500 3
3526000 5
3526500 3
3527000 1
3527500 2
3528000 1
3528500 1
3529000 2
3529500 0
3530000 2
3530500 1
3531000 0
3531500 0
3532000 0
3532500 0
3533000 1
3533500 0
3534000 1
3534500 4
3535000 0
3535500 2
3536000 2
3536500 0
3537000 1
3537500 1
3538000 1
3538500 2
3539000 0
3539500 0
3540000 0
3540500 0
3541000 0
3541500 0
3542000 0
3542500 0
3543000 0
3543500 0
3544000 0
3544500 0
3545000 0
3545500 0
3546000 0
3546500 1
3547000 1
3547500 3
3548000 0
3548500 2
3549000 0
3549500 2
3550000 16
3550500 16
3551000 4
3551500 22
3552000 2
3552500 0
3553000 2
3553500 0
3554000 0
3554500 2
3555000 3
3555500 0
3556000 1
3556500 1
3557000 0
3557500 0
3558000 0
3558500 0
3559000 1
3559500 2
3560000 0
3560500 3
3561000 1
3561500 0
3562000 1
3562500 0
3563000 0
3563500 0
3564000 0
3564500 0
3565000 0
3565500 1
3566000 2
3566500 3
3567000 1
3567500 4
3568000 2
3568500 1
3569000 1
3569500 2
3570000 2
3570500 4
3571000 0
3571500 4
3572000 1
3572500 0
3573000 3
3573500 3
3574000 2
3574500 2
3575000 0
3575500 2
3576000 1
3576500 0
3577000 4
3577500 6
3578000 1
3578500 6
3579000 3
3579500 3
3580000 4
3580500 2
3581000 1
3581500 1
3582000 1
3582500 4
3583000 1
3583500 0
3584000 0
3584500 0
3585000 0
3585500 3
3586000 2
3586500 1
3587000 0
3587500 0
3588000 0
3588500 2
3589000 1
3589500 1
3590000 1
3590500 1
3591000 1
3591500 0
3592000 0
3592500 1
3593000 3
3593500 1
3594000 0
3594500 1
3595000 0
3595500 0
3596000 0
3596500 0
3597000 1
3597500 0
3598000 1
3598500 0
3599000 4
3599500 0
3600000 2
3600500 18
3601000 8
3601500 4
3602000 22
3602500 1
3603000 0
3603500 0
3604000 2
3604500 6
3605000 0
3605500 1
3606000 1
3606500 1
3607000 0
3607500 1
3608000 2
3608500 2
3609000 1
3609500 2
3610000 0
3610500 0
3611000 3
3611500 1
3612000 0
3612500 2
3613000 0
3613500 0
3614000 2
3614500 0
3615000 1
3615500 0
3616000 1
3616500 1
3617000 1
3617500 0
3618000 0
3618500 1
3619000 1
3619500 5
3620000 6
3620500 1
3621000 8
3621500 4
3622000 1
3622500 4
3623000 1
3623500 1
3624000 0
3624500 0
3625000 0
3625500 0
3626000 3
3626500 3
3627000 1
3627500 0
3628000 1
3628500 1
3629000 0
3629500 0
3630000 2
3630500 1
3631000 0
3631500 0
3632000 1
3632500 2
3633000 2
3633500 2
3634000 0
3634500 2
3635000 4
3635500 0
3636000 0
3636500 12
3637000 18
3637500 0
3638000 16
3638500 3
3639000 0
3639500 2
3640000 0
3640500 1
3641000 3
3641500 2
3642000 0
3642500 6
3643000 1
3643500 1
3644000 0
3644500 2
3645000 3
3645500 1
3646000 0
3646500 2
3647000 2
3647500 0
3648000 2
3648500 0
3649000 0
3649500 0
3650000 1
3650500 1
3651000 30
3651500 2
3652000 20
3652500 9
3653000 0
3653500 1
3654000 2
3654500 3
3655000 1
3655500 0
3656000 0
3656500 4
3657000 1
3657500 0
3658000 2
3658500 0
3659000 1
3659500 1
3660000 0
3660500 0
3661000 0
3661500 0
3662000 1
3662500 2
3663000 0
3663500 1
3664000 2
3664500 2
3665000 1
3665500 1
3666000 2
3666500 0
3667000 1
3667500 5
3668000 3
3668500 1
3669000 1
3669500 1
3670000 0
3670500 0
3671000 0
3671500 1
3672000 2
3672500 0
3673000 1
3673500 0
3674000 1
3674500 3
3675000 0
3675500 0
3676000 0
3676500 0
3677000 0
3677500 0
3678000 1
3678500 1
3679000 0
3679500 2
3680000 1
3680500 0
3681000 1
3681500 1
3682000 1
3682500 0
3683000 0
3683500 1
3684000 0
3684500 1
3685000 0
3685500 4
3686000 2
3686500 0
3687000 0
3687500 0
3688000 0
3688500 1
3689000 3
3689500 0
3690000 3
3690500 1
3691000 3
3691500 0
3692000 2
3692500 1
3693000 2
3693500 0
3694000 2
3694500 0
3695000 0
3695500 0
3696000 0
3696500 1
3697000 0
3697500 0
3698000 0
3698500 2
3699000 1
3699500 0
3700000 0
3700500 1
3701000 1
3701500 1
3702000 0
3702500 2
3703000 1
3703500 0
3704000 0
3704500 1
3705000 0
3705500 0
3706000 0
3706500 0
3707000 0
3707500 0
3708000 1
3708500 2
3709000 1
3709500 0
3710000 0
3710500 4
3711000 2
3711500 1
3712000 1
3712500 2
3713000 1
3713500 0
3714000 0
3714500 0
3715000 0
3715500 0
3716000 0
3716500 0
3717000 0
3717500 0
3718000 0
3718500 2
3719000 0
3719500 0
3720000 4
3720500 2
3721000 1
3721500 2
3722000 0
3722500 0
3723000 0
3723500 0
3724000 1
3724500 3
3725000 4
3725500 3
3726000 1
3726500 3
3727000 5
3727500 6
3728000 2
3728500 0
3729000 3
3729500 2
3730000 1
3730500 0
3731000 2
3731500 2
3732000 0
3732500 4
3733000 3
3733500 21
3734000 5
3734500 13
3735000 7
3735500 2
3736000 1
3736500 2
3737000 1
3737500 0
3738000 0
3738500 3
3739000 0
3739500 2
3740000 0
3740500 0
3741000 5
3741500 1
3742000 2
3742500 1
3743000 1
3743500 3
3744000 3
3744500 2
3745000 2
3745500 2
3746000 0
3746500 0
3747000 0
3747500 0
3748000 0
3748500 0
3749000 1
3749500 2
3750000 1
3750500 2
3751000 1
3751500 1
3752000 1
3752500 1
3753000 1
3753500 0
3754000 6
3754500 3
3755000 2
3755500 10
3756000 2
3756500 1
3757000 0
3757500 1
3758000 0
3758500 1
3759000 0
3759500 1
3760000 1
3760500 0
3761000 0
3761500 3
3762000 2
3762500 4
3763000 5
3763500 2
3764000 2
3764500 1
3765000 0
3765500 0
3766000 1
3766500 3
3767000 0
3767500 0
3768000 0
3768500 0
3769000 0
3769500 0
3770000 0
3770500 0
3771000 0
3771500 0
3772000 0
3772500 0
3773000 0
3773500 0
3774000 0
3774500 0
3775000 0
3775500 0
3776000 1
3776500 2
3777000 0
3777500 0
3778000 0
3778500 0
3779000 1
3779500 0
3780000 0
3780500 3
3781000 1
3781500 0
3782000 0
3782500 1
3783000 2
3783500 1
3784000 0
3784500 1
3785000 2
3785500 1
3786000 1
3786500 3
3787000 3
3787500 3
3788000 1
3788500 0
3789000 4
3789500 0
3790000 1
3790500 0
3791000 2
3791500 0
3792000 1
3792500 4
3793000 0
3793500 2
3794000 3
3794500 2
3795000 2
3795500 0
3796000 0
3796500 0
3797000 0
3797500 0
3798000 0
3798500 1
3799000 2
3799500 0
3800000 1
3800500 2
3801000 0
3801500 0
3802000 0
3802500 0
3803000 0
3803500 0
3804000 0
3804500 0
3805000 0
3805500 0
3806000 1
3806500 1
3807000 2
3807500 3
3808000 0
3808500 3
3809000 1
3809500 0
3810000 1
3810500 1
3811000 0
3811500 1
3812000 4
3812500 2
3813000 1
3813500 3
3814000 1
3814500 2
3815000 1
3815500 0
3816000 2
3816500 2
3817000 1
3817500 0
3818000 1
3818500 0
3819000 0
3819500 3
3820000 2
3820500 6
3821000 2
3821500 0
3822000 0
3822500 2
3823000 2
3823500 2
3824000 2
3824500 1
3825000 0
3825500 2
3826000 1
3826500 2
3827000 1
3827500 1
3828000 1
3828500 3
3829000 0
3829500 2
3830000 2
3830500 1
3831000 3
3831500 0
3832000 1
3832500 1
3833000 1
3833500 2
3834000 3
3834500 0
3835000 0
3835500 0
3836000 1
3836500 0
3837000 1
3837500 1
3838000 1
3838500 0
3839000 1
3839500 3
3840000 0
3840500 0
3841000 1
3841500 3
3842000 3
3842500 1
3843000 0
3843500 0
3844000 0
3844500 3
3845000 2
3845500 3
3846000 4
3846500 1
3847000 1
3847500 0
3848000 0
3848500 2
3849000 0
3849500 0
3850000 1
3850500 0
3851000 0
3851500 2
3852000 1
3852500 1
3853000 1
3853500 3
3854000 0
3854500 0
3855000 0
3855500 0
3856000 0
3856500 0
3857000 0
3857500 7
3858000 25
3858500 1
3859000 31
3859500 30
3860000 0
3860500 21
3861000 4
3861500 2
3862000 5
3862500 1
3863000 1
3863500 0
3864000 1
3864500 2
3865000 1
3865500 1
3866000 3
3866500 0
3867000 2
3867500 1
3868000 2
3868500 1
3869000 3
3869500 0
3870000 3
3870500 0
3871000 1
3871500 2
3872000 1
3872500 4
3873000 3
3873500 1
3874000 1
3874500 1
3875000 0
3875500 1
3876000 4
3876500 3
3877000 3
3877500 0
3878000 0
3878500 0
3879000 0
3879500 0
3880000 0
3880500 0
3881000 0
3881500 0
3882000 0
3882500 0
3883000 3
3883500 0
3884000 0
3884500 1
3885000 3
3885500 3
3886000 1
3886500 1
3887000 1
3887500 2
3888000 1
3888500 1
3889000 3
3889500 2
3890000 2
3890500 1
3891000 2
3891500 1
3892000 1
3892500 0
3893000 2
3893500 0
3894000 0
3894500 0
3895000 1
3895500 2
3896000 0
3896500 1
3897000 1
3897500 1
3898000 1
3898500 0
3899000 0
3899500 0
3900000 0
3900500 0
3901000 3
3901500 1
3902000 0
3902500 0
3903000 0
3903500 0
3904000 0
3904500 0
3905000 0
3905500 1
3906000 0
3906500 0
3907000 1
3907500 1
3908000 1
3908500 2
3909000 1
3909500 2
3910000 1
3910500 0
3911000 0
3911500 0
3912000 0
3912500 0
3913000 0
3913500 0
3914000 0
3914500 2
3915000 8
3915500 2
3916000 1
3916500 3
3917000 2
3917500 4
3918000 2
3918500 3
3919000 1
3919500 1
3920000 1
3920500 0
3921000 0
3921500 4
3922000 1
3922500 1
3923000 0
3923500 1
3924000 2
3924500 3
3925000 1
3925500 8
3926000 3
3926500 1
3927000 8
3927500 3
3928000 1
3928500 0
3929000 0
3929500 0
3930000 0
3930500 1
3931000 0
3931500 1
3932000 0
3932500 2
3933000 1
3933500 2
3934000 0
3934500 0
3935000 0
3935500 0
3936000 1
3936500 2
3937000 3
3937500 0
3938000 1
3938500 2
3939000 2
3939500 3
3940000 5
3940500 2
3941000 2
3941500 3
3942000 0
3942500 0
3943000 3
3943500 3
3944000 0
3944500 3
3945000 0
3945500 0
3946000 2
3946500 0
3947000 1
3947500 2
3948000 0
3948500 1
3949000 2
3949500 2
3950000 1
3950500 0
3951000 0
3951500 1
3952000 7
3952500 1
3953000 2
3953500 2
3954000 2
3954500 2
3955000 5
3955500 2
3956000 3
3956500 1
3957000 3
3957500 1
3958000 1
3958500 1
3959000 0
3959500 0
3960000 0
3960500 0
3961000 0
3961500 0
3962000 0
3962500 0
3963000 0
3963500 0
3964000 1
3964500 1
3965000 1
3965500 0
3966000 2
3966500 1
3967000 0
3967500 0
3968000 0
3968500 0
3969000 0
3969500 0
3970000 0
3970500 0
3971000 0
3971500 3
3972000 0
3972500 0
3973000 0
3973500 0
3974000 2
3974500 0
3975000 0
3975500 0
3976000 0
3976500 0
3977000 0
3977500 0
3978000 5
3978500 0
3979000 1
3979500 0
3980000 0
3980500 0
3981000 1
3981500 1
3982000 5
3982500 1
3983000 2
3983500 10
3984000 19
3984500 3
3985000 33
3985500 3
3986000 0
3986500 0
3987000 0
3987500 0
3988000 0
3988500 0
3989000 0
3989500 0
3990000 2
3990500 3
3991000 0
3991500 1
3992000 2
3992500 3
3993000 0
3993500 1
3994000 1
3994500 1
3995000 1
3995500 2
3996000 1
3996500 1
3997000 0
3997500 2
3998000 3
3998500 1
