428 4
2428 3
3928 4
10928 2
16428 9
20428 14
23928 3
31928 4
34428 4
53428 6
62928 4
67928 4
71428 3
73428 6
80428 16
88928 3
96428 2
102928 3
107428 5
109428 3
120428 28
138928 14
147928 4
153928 3
158928 14
169428 26
179928 15
197928 20
205428 3
208928 1
218928 23
238928 9
248928 4
260428 6
278928 12
286928 5
298928 22
303428 3
318928 17
329428 3
335428 8
340928 34
358928 10
369428 3
376428 2
377928 5
385928 29
393428 4
395428 5
408428 3
415428 4
430428 4
432428 5
440428 5
456928 7
466928 19
478928 21
491928 4
499928 16
505428 5
510428 1
518928 27
519928 19
523928 14
536928 4
539928 6
558928 20
578928 14
598928 11
604928 3
618928 22
624428 5
638928 10
653928 5
659928 8
664428 24
678928 29
698928 20
707428 10
718928 23
724428 5
729428 6
738928 10
745428 29
752928 1
758928 29
779928 20
784428 13
792928 29
798928 14
818928 23
829928 4
840928 4
859928 23
867428 3
879928 24
892428 5
898928 19
903428 4
919928 25
930428 3
952928 5
960928 5
967428 5
978928 8
982928 4
998428 28
1005428 5
1007928 13
1025428 4
1031428 8
1038928 18
1047928 7
1059928 53
1071428 7
1078928 13
1098928 20
1118928 9
1139928 22
1158928 32
1167928 2
1172928 39
1179928 29
1185428 6
1200428 4
1204428 17
1218928 11
1231928 12
1239928 19
1251428 4
1257928 11
1278928 20
1291428 5
1307428 4
1311428 4
1314428 4
1319928 35
1328928 3
1331428 4
1346428 3
1359928 27
1366928 4
1379928 10
1383428 9
1384428 11
1398928 10
1399928 15
1406428 27
1419928 4
1426428 3
1455928 19
1459928 10
1470428 4
1480928 42
1489928 15
1499928 19
1518928 6
1522428 3
1524928 5
1539428 4
1554928 4
1566428 6
1567928 2
1571428 4
1579928 8
1599928 27
1609928 1
1619928 36
1622928 25
1638428 6
1639928 8
1658928 12
1667428 5
1675928 21
1676928 18
1698928 11
1712428 24
1739928 22
1755428 24
1756928 17
1759928 24
1764928 4
1803928 3
1805928 5
1819928 26
1824928 5
1839928 20
1846928 6
1856928 7
1862928 26
1892428 30
1898928 9
1907428 4
1919928 21
1938428 6
1950928 27
1959928 8
1979928 8
1989428 5
2011428 4
2019928 3
2022928 23
2031928 2
2037428 19
2042428 3
2048928 19
2055928 4
2065428 3
2070428 33
2078928 4
2084928 5
2091428 3
2093928 5
2100928 3
2105928 3
2110428 4
2114928 4
2123428 3
2124928 3
2128928 3
2134428 3
2135928 3
2142428 5
2157928 3
2162928 4
2165428 3
2170428 3
2178428 4
2181428 4
2186428 4
2190928 3
2199928 4
2206928 5
2213428 5
2214928 4
2219928 4
2221928 5
2224928 3
2228428 4
2235928 5
2243928 4
2250928 4
2273428 3
2282928 4
2285928 4
2290428 3
2292428 4
2299928 6
2307428 3
2315928 5
2318928 5
2325428 6
2341428 6
2342928 5
2351428 4
2361428 2
2368428 5
2372928 2
2379928 4
2385428 4
2394928 36
2404428 3
2410928 4
2416428 16
2421428 14
2422428 20
2429928 3
2436428 3
2445428 3
2447928 2
2449928 4
2456428 5
2461428 5
2468428 3
2474928 4
2477928 4
2482428 6
2484928 4
2497428 4
2500428 3
2504928 6
2508928 4
2514928 11
2519928 4
2523428 3
2525928 3
2530428 2
2533428 3
2538428 3
2543928 3
2550428 6
2563928 7
2565928 4
2568428 3
2577928 3
2590428 3
2604428 4
2608428 3
2610428 5
2616928 4
2620928 6
2633428 2
2638428 26
2644428 3
2651928 3
2657928 4
2668428 3
2678928 3
2685428 4
2701428 5
2708928 3
2710928 4
2717928 4
2721428 6
2725428 3
2727428 3
2743428 4
2752428 20
2757928 4
2763428 4
2768428 6
2778428 4
2780428 5
2791428 4
2796928 3
2804428 26
2817928 4
2834428 19
2846428 10
2853428 6
2858428 34
2867928 6
2874428 3
2875928 3
2884928 3
2891928 4
2902428 30
2909928 4
2915428 3
2922428 6
2936428 3
2941928 4
2955928 3
2962428 4
2966428 3
2969428 4
2976428 3
2979928 4
2983428 5
2997428 3
3001928 7
3003928 7
3010428 3
3016928 3
3025428 4
3028928 5
3033928 5
3045928 4
3050928 4
3057928 4
3065428 32
3073428 3
3077928 6
3086928 4
3093428 5
3107928 7
3111428 4
3121428 4
3122928 7
3126928 9
3127928 11
3142928 31
3156928 5
3160428 3
3172928 5
3179928 3
3185928 8
3201428 3
3205928 26
3220428 1
3227428 4
3233928 34
3249928 24
3253428 14
3258928 4
3264928 3
3269928 4
3272428 5
3280428 5
3281928 3
3283428 4
3286928 4
3294428 3
3303428 3
3316428 24
3325428 4
3329928 7
3343428 3
3348928 3
3360428 30
3364428 4
3366928 4
3369928 4
3375928 4
3378928 3
3385428 4
3387428 3
3399428 9
3403428 3
3411928 3
3417428 4
3423428 3
3433428 3
3436428 4
3467928 8
3478428 6
3481928 3
3484928 4
3488928 2
3496428 25
3501428 3
3504928 5
3506428 3
3510928 3
3515428 3
3517428 4
3526428 5
3534928 4
3551928 22
3567928 4
3573928 3
3578928 6
3582928 4
3585928 3
3593428 3
3602428 22
3611428 3
3621428 8
3626928 3
3630428 2
3637428 18
3642928 6
3651428 30
3656928 4
3667928 5
3674928 3
3685928 4
3691428 3
3710928 4
3720428 4
3725428 4
3727928 6
3729428 3
3733928 21
3741428 5
3744428 3
3755928 10
3763428 5
3776928 2
3780928 3
3787928 3
3794428 3
3812428 4
3813928 3
3820928 6
3834428 3
3839928 3
3842428 3
3846428 4
3859428 31
3872928 4
3876428 4
3883428 3
3885928 3
3889428 3
3901428 3
3909928 2
3915428 8
3917928 4
3921928 4
3927428 8
3937428 3
3940428 5
3966428 2
3971928 3
3978428 5
3985428 33
3990928 3
3992928 3
3997928 2
3998428 3
